1930638
1930738
1930541
1930460
1930440
1930439
1930441
1930229
1930074
1930066
1929389
1929347
1929365
1929325
1929221
1929202
1929068
1928770
1928404
1928308
1928250
1927983
1927968
1927588
1926684
1927402
1927166
1927400
1927551
1927558
1925689
1927401
1927403
1926573
1926658
1926661
1925698
1926571
1926570
1927399
1925699
1923907
1926574
1925539
1927560
1927561
1926575
1925669
1926569
1926568
1926660
1925668
1926662
1926576
1925540
1926572
1927398
1926566
1925684
1915928
1915863
1915714
1915464
1915381
1915354
1915205
1915172
1915086
1915063
1915017
1912925
1912741
1912655
1912380
1911589
1911531
1911398
1911399
1911167
1911080
1911038
1910828
1909966
1909823
1909602
1909457
1909373
1909224
1908830
1908460
1908428
1908381
1908142
1907926
1907872
1907828
1907754
1907655