40117844
40388345
40388353
40388264
40624846
40624888
40748511
40748518
40117958
40117878
40117871
40117492
41632123
41632124
41632102
41632136
41632133
41632110
41632114
41632125
41632113
41632118
41632120
41632130
41632109
41632127
41632126
41632121
41632143
41632131
41632135
41632144
41632119
41632141
41632139
41632152
41632132
41632155
41632128
41632137
41632134
41632129
41632142
41632151
41632145
41632148
41632146
41632140
41632150
41632163
41632165
41632156
41632161
41632170
40748492
40388096
40624588
40747881
40747791
40747750
41672800
40747740
41672792
40747723
40747725
40747634
41672817
40386794
40747577
40621145
40386765
40620966
40620521
40620460
40386648
40386622
40386632
40386618
40386614
40386615
40386617
40386612
40386585
40386509
40386453
40386449
40386336
40386334
40386261
40386260
40619868
40619836
40386212
40386214
40386210
40386135
40386079
40118461
40118235
40118205
40117964
41632157
41632162
41632153
41632154
41632147
41632172
41632164
41632175
41632178
41632183
41632169
41632149
41632182
41632160
41632171
41632176
41632190
41632167
41632184
41632173
41632174
41632177
41632181
41632186
41632159
41632168
41632185
41632188
41632202
41632195
41632193
41632194
41632192
41632191
41632198
41632205
41632203
41632187
41632196
41632197
41632179
41632201
41632204
41632189
41632214
41632213
41632206
41632222
41632217
41632211
41632180
41632215
41632218
41632212
41632209
41632225
41632224
41632208
41632228
41632210
41632234
41632223
41632226
41632216
41632238
41632220
41632199
41632237
41632232
41632230
41632242
41632221
41632233
41632244
41632235
41632229
41632227
41632245
41632250
41632236
41632231
41632243
41632254
41632248
41632259
41632241
41632256
41632253
41632262
41632264
41632252
41632270
41632249
41632257
41632251
41632255
41632269
41632246
41632263
41632265
41632274
41632266
41632278
41632261
41632282
41632290
41632275
41632268
41632284
41632273
41632239
41632267
41632272
41632276
41632277
41632283
41632271
41632288
41632285
41632258
41632298
41632310
41632281
41632293
41632294
41632304
41632289
41632286
41632287
41632297
41632302
41632260
41632296
41632295
41632280
41632292
41632303
41632306
41632308
41632313
41632330
41632301
41632307
41632314
41632322
41632291
41632318
41632319
41632309
41632324
41632323
41632279
41632300
41632328
41632316
41632325
41632315
41632305
41632312
41632332
41632321
41632350
41632338
41632329
41632320
41632348
41632343
41632342
41632344
41632326
41632311
41632333
41632337
41632353
41632336
41632334
41632327
41632368
41632345
41632349
41632363
41632341
41632364
41632369
41632340
41632362
41632299
41632335
41632352
41632359
41632370
41632331
41632347
41632356
41632357
41632365
41632354
41632384
41632390
41632360
41632346
41632371
41632355
41632373
41632385
41632382
41632374
41632376
41632317
41632393
41632351
41632383
41632389
41632404
41632366
41632377
41632361
41632381
41632410
41632378
41632391
41632408
41632394
41632375
41632397
41632405
41632403
41632423
41632339
41632409
41632401
41632372
41632386
41632413
41632396
41632387
41632428
41632431
41632414
41632402
41632398
41632412
41632379
41632444
41632406
41632429
41632421
41632395
41632425
41632418
41632450
41632435
41632416
41632407
41632358
41632419
41632400
41632464
41632434
41632445
41632449
41632432
41632426
41632442
41632443
41632411
41632468
41632427
41632436
41632448
41632484
41632437
41632466
41632420
41632446
41632461
41632439
41632462
41632463
41632488
41632433
41632473
41632430
41632380
41632474
41632504
41632481
41632490
41632470
41632440
41632476
41632485
41632467
41632483
41632489
41632482
41632477
41632493
41632511
41632494
41632465
41632508
41632475
41632460
41632399
41632509
41632478
41632502
41632486
41632496
41632492
41632503
41632501
41632505
41632469
41632514
41632480
41632487
41632417
41632497
41632495
41632498
41632525
41632506
41632529
41632535
41632520
41632522
41632550
41632523
41632515
41632491
41632553
41632545
41632517
41632507
41632526
41632549
41632438
41632500
41632536
41632585
41632570
41632510
41632537
41632542
41632541
41632574
41632568
41632521
41632534
41632451
41632565
41632546
41632551
41632538
41632569
41632594
41632563
41632584
41632576
41632547
41632561
41632479
41632604
41632572
41632540
41632566
41632588
41632609
41632589
41632552
41632583
41632575
41632614
41632582
41632558
41632596
41632593
41632624
41632560
41632581
41632605
41632567
41632499
41632592
41632608
41632630
41632603
41632610
41632571
41632578
41632595
41632612
41632616
41632580
41632634
41632606
41632519
41632625
41632601
41632602
41632644
41632628
41632597
41632629
41632590
41632587
41632649
41632598
41632633
41632637
41632600
41632626
41632654
41632613
41632623
41632664
41632615
41632648
41632622
41632646
41632650
41632621
41632607
41632620
41632670
41632617
41632618
41632643
41632645
41632684
41632674
41632635
41632642
41632665
41632559
41632653
41632669
41632632
41632668
41632631
41632690
41632639
41632666
41632641
41632627
41632638
41632636
41632663
41632694
41632676
41632704
41632656
41632673
41632689
41632685
41632662
41632686
41632652
41632651
41632660
41632658
41632710
41632688
41632657
41632696
41632714
41632724
41632647
41632693
41632599
41632661
41632709
41632705
41632675
41632678
41632682
41632730
41632672
41632677
41632703
41632681
41632619
41632713
41632691
41632680
41632725
41632744
41632695
41632716
41632667
41632734
41632729
41632698
41632702
41632726
41632692
41632701
41632697
41632640
41632750
41632728
41632745
41632723
41632711
41632718
41632733
41632737
41632712
41632715
41632749
41632722
41632687
41632763
41632700
41632754
41632770
41632659
41632746
41632721
41632717
41632748
41632735
41632766
41632732
41632753
41632756
41632731
41632738
41632707
41632774
41632742
41632679
41632769
41632743
41632720
41632785
41632741
41632765
41632784
41632768
41632789
41632752
41632755
41632776
41632751
41632773
41632699
41632736
41632762
41632727
41632764
41632790
41632794
41632761
41632804
41632739
41632796
41632775
41632787
41632788
41632805
41632772
41632778
41632771
41632810
41632782
41632758
41632783
41632719
41632781
41632793
41632747
41632813
41632824
41632760
41632807
41632809
41632827
41632740
41632816
41632795
41632806
41632792
41632830
41632814
41632803
41632791
41632802
41632767
41632798
41632834
41632801
41632828
41632843
41632829
41632777
41632835
41632780
41632823
41632812
41632815
41632833
41632757
41632811
41632825
41632822
41632821
41632786
41632818
41632845
41632836
41632846
41632831
41632844
41632832
41632838
41632842
41632779
41632797
41632800
41632841
41632808
41632820
41632817
41632799
41632826
41632848
41632849
41632837
41632819
41632840
41632847
41632839
41632850
41632851
41632852
41632854
41632853
41632855
41632856
41632857
41632858
41632859
41632860
41632861
41632862
41632863
41632864
41632865
41632866
41632867
41632868
41632870
41632869
41632871
41632872
41632873
41632874
41632875
41632876
41632879
41632877
41632878
41632880
41632882
41632881
41632883
41632884
41632885
41632888
41632887
41632886
41632889
41632890
41632891
41632892
41632893
41632895
41632896
41632897
41632899
41632898
41632900
41632901
41632902
41632903
41632905
41632904
41632906
41632907
41632908
41632909
41632910
41632911
41632913
41632912
41632914
41632915
41632916
41632917
41632922
41632920
41632921
41632924
41632925
41632926
41632927
41632928
41632929
41632930
41632931
41632944
41632945
41632942
41632946
41632947
41632949
41632948
41632950
41632951
41632952
41632953
41632955
41632956
41632957
41632958
41632959
41632960
41632961
41632962
41632963
41632965
41632966
41632964
41632968
41632967
41632970
41632969
41632971
41632972
41632973
41632974
41632976
41632978
41632977
41632980
41632981
41632982
41632979
41632984
41632983
41632985
41632987
41632986
41632988
41632990
41632989
41632991
41632992
41632993
41632994
41632995
41632997
41632996
41632998
41632999
41633000
41633001
41633003
41633004
41633005
41633006
41633007
41633008
41633009
41633010
41633011
41633012
41633014
41633015
41633013
41633016
41633017
41633018
41633019
41633020
41633022
41633025
41633024
41633026
41633027
41633028
41633030
41633029
41633031
41633032
41633033
41633034
41633036
41633035
41633037
41633038
41633039
41633040
41633041
41633042
41633043
41633044
41633045
41633047
41633046
41633048
41633049
41633050
41633051
41633052
41633053
41633055
41633054
41633056
41633058
41633059
41633060
41633063
41633061
41633062
41633065
41633064
41633066
41633067
41633068
41633069
41633070
41633072
41633073
41633074
41633076
41633075
41633077
41633078
41633079
41633080
41633081
41633082
41633084
41633085
41633083
41633086
41633087
41633088
41633089
41633090
41633091
41633092
41633093
41633094
41633095
41633097
41633099
41633098
41633100
41633104
41633101
41633105
41633102
41633107
41633103
41633108
41633106
41633109
41633110
41633112
41633111
41633114
41633116
41633113
41633117
41633120
41633118
41633121
41633119
41633122
41633123
41633126
41633124
41633125
41633129
41633128
41633130
41633131
41633133
41633134
41633137
41633135
41633136
41633140