1826210
1826211
1826212
1826213
1826214
1826215
1826216
1826217
1826218
1826219
1826220
1826221
1826222
1826223
1826224
1826225
1826226
1826227
1826228
1826229
1826230
1826231
1826232
1826233
1826234
1826235
1826236
1826237
1826238
1826239
1826240
1826241
1826242
1826243
1826244
1826245
1826246
1826247
1826248
1826249
1826250
1826251
1826252
1826253
1826254
1826255
1826256
1826257
1826258
1826259
1826260
1826261
1826262
1826263
1826264
1826265
1826266
1826267
1826268
1826269
1826270
1826271
1826272
1826273
1826274
1826275
1826276
1826277
1826278
1826279
1826280
1826281
1826282
1826283
1826284
1826285
1826286
1826287
1826288
1826289
1826290
1826291
1826292
1826293
1826294
1826295
1826296
1826297
1826298
1826299
1826300
1826301
1826302
1826303
1826304
1826305
1826306
1826307
1826308
1826309