124704
124715
124723
124730
124740
124747
124764
124772
124781
124792
124800
124808
124818
124827
124831
124837
124850
124856
124864
124869
124882
124893
124902
124911
124918
124924
124935
124941
124956
124967
124973
124981
124989
125000
125011
125023
125035
125040
125050
125060
125068
125076
125085
125093
125102
125113
125124
125134
125144
125156
125163
125170
125178
125185
125195
125203
125208
125217
125223
125232
125239
125246
125254
125264
125276
125285
125289
125297
125303
125311
125318
125328
125337
125340
125349
125363
125366
125377
125385
125393
125402
125408
125415
125423
125428
125432
125439
125447
125450
125458
125466
125474
125483
125489
125497
125512
125518
125521
125529
125536
125542
125550
125554
125562
125564
125569
125573
125581
125590
125605
125611
125620
125626
125634
125645
125649
125656
125662
125668
125672
125678
125686
125695
125702
125709
125712
125723
125731
125737
125742
125749
125756
125761
125773
125777
125785
125793
125800
125809
125822
125826
125836
125843
125852
125859
125868
125878
125890
125897
125907
125913
125922
125930
125937
125940
125947
125953
125963
125967
125970
125974
125981
125987
125991
125998
126007
126014
126022
126027
126032
126038
126046
126054
126063
126071
126080
126088
126098
126112
126120
126128
126135
126142
126148
126158
126165
126172
126183
126193
126205
126215
126223
126228
126238
126249
126257
126264
126272
126282
126290
126310
126320
126325
126332
126334
126341
126345
126352
126356
126364
126373
126377
126382
126389
126397
126407
126414
126424
126434
126442
126446
126453
126457
126469
126476
126479
126487
126495
126501
126511
126522
126529
126538
126544
126553
126563
126572
126587
126600
126607
126615
126623
126631
126640
126650
126659
126666
126673
126680
126685
126692
126698
126702
126711
126724
126733
126738
126749
126757
126765
126771
126779
126788
126796
126799
126805
126817
126824
126832
126843
126851
126858
126866
126873
126882
126892
126903
126905
126914
126924
126938
126946
126955
126963
126970
126981
126989
126998
127006
127013
127020
127025
127031
127040
127046
127060
127079
127088
127096
127101
127110
127117
127127
127133
127142
127150
127161
127169
127175
127183
127191
127196
127205
127213
127221
127226
127234
127248
127258
127262
127269
127274
127280
127287
127296
127309
127318
127330
127337
127344
127348
127356
127365
127373
127380
127388
127398
127405
127416
127425
127433
127439
127444
127451
127460
127467
127473
127481
127489
127497
127502
127510
127517
127527
127535
127543
127548
127556
127567
127576
127584
127590
127596
127603
127611
127618
127623
127630
127639
127646
127651
127659
127662
127670
127678
127688
127697
127703
127712
127722
127726
127732
127741
127748
127756
127764
127774
127778
127788
127797
127805
127813
127821
127828
127842
127850
127859
127866
127875
127882
127886
127894
127901
127911
127922
127932
127936
127944
127948
127954
127964
127973
127982
127990
127997
128005
128012
128022
128027
128034
128041
128048
128057
128066
128074
128080
128086
128095
128104
128110
128119
128127
128138
128145
128151
128155
128165
128173
128181
128189
128197
128207
128222
128229
128238
128246
128254
128262
128268
128276
128284
128292
128299
128306
128311
128321
128331
128339
128344
128352
128360
128367
128379
128384
128393
128400
128407
128414
128424
128434
128441
128451
128458
128464
128468
128475
128482
128486
128494
128498
128506
128514
128522
128531
128543
128549
128557
128564
128575
128581
128590
128601
128613
128621
128627
128635
128642
128648
128653
128658
128665
128676
128684
128694
128706
128717
128729
128743
128754
128761
128771
128774
128790
128794
128803
128811
128819
128829
128840
128844
128852
128864
128876
128882
128890
128898
128906
128911
128917
128923
128929
128936
128946
128951
128961
128969
128981
128982
128990
128998
129006
129012
129020
129028
129040
129053
129065
129070
129078
129082
129089
129098
129107
129116
129122
129130
129135
129146
129154
129166
129178
129188
129198
129206
129215
129223
129229
129236
129245
129253
129260
129267
129271
129274
129284
129292
129296
129302
129309
129317
129326
129335
129340
129349
129357
129367
129375
129384
129393
129402
129408
129427
129438
129448
129457
129469
129476
129484
129492
129499
129508
129510
129518
129519
129527
129534
129539
129545
129548
129556
129569
129578
129587
129589
129598
129607
129615
129622
129630
129640
129644
129652
129658
129667
129675
129680
129688
129693
129698
129705
129716
129724
129733
129751
129761
129770
129778
129785
129794
129801
129809
129815
129829
129833
129843
129848
129857
129866
129872
129884
129894
129901
129906
129912
129920
129928
129932
129939
129948
129953
129959
129969
129973
129981
129989
129995
130001
130007
130011
130017
130025
130036
130045
130051
130059
130067
130071
130083
130088
130100
130107
130117
130127
130136
130143
130150
130158
130167
130175
130183
130190
130198
130205
130216
130226
130236
130245
130253
130260
130267
130273
130280
130288
130295
130304
130311
130317
130323
130329
130332
130338
130344
130350
130353
130358
130364
130370
130377
130381
130388
130392
130398
130404
130407
130413
130418
130420
130429
130432
130438
130442
130447
130451
130457
130463
130468
130470
130474
130478
130482
130486
130490
130494
130498
130503
130507
130511
130512
130516
130519
130522
130524
130528
130535
130538
130541
130544
130547
130549
130554
130558
130560
130563
130566
130569
130571
130574
130575
130579
130581
130584
130587
130590
130594
130598
130600
130602
130605
130607
130612
130615
130618
130621
130626
130628
130631
130635
130638
130641
130643
130645
130649
130651
130655
130658
130662
130665
130669
130670
130675
130677
130680
130682
130684
130687
130689
130690
130693
130695
130697
130699
130701
130702
130703
130705
130707
130709
130710
130713
130715
130717
130718
130720
130723
130724
130727
130729
130730
130732
122743
122744
122745
122746
122747
122748
122749
122750
122751
122752
122753
122754
122755
122757
122759
122761
122763
122764
122766
122768
122770
122772
122774
122777
122778
122780
122783
122784
122786
122789
122793
122795
122798
122800
122803
122805
122808
122810
122813
122817
122820
122822
122826
122830
122835
122840
122843
122850
122855
122858
122860
122865
122869
122871
122875
122880
122886
122891
122892
122896
122902
122905
122910
122916
122922
122927
122934
122937
122945
122948
122956
122960
122965
122971
122978
122982
122986
122989
122994
123001
123003
123011
123019
123024
123030
123035
123041
123044
123049
123054
123059
123064
123070
123074
123079
123085
123089
123095
123099
123103
123107
123111
123120
123127
123131
123135
123140
123144
123150
123157
123162
123167
123172
123175
123181
123184
123190
123196
123204
123210
123219
123227
123233
123240
123244
123249
123261
123270
123278
123284
123294
123303
123310
123317
123324
123326
123333
123340
123347
123351
123358
123360
123368
123374
123380
123388
123394
123398
123408
123419
123424
123434
123439
123448
123452
123460
123470
123475
123487
123497
123502
123510
123515
123525
123529
123533
123541
123552
123557
123565
123575
123586
123594
123601
123611
123621
123629
123640
123651
123656
123667
123671
123678
123682
123691
123698
123705
123715
123728
123739
123742
123745
123757
123764
123774
123780
123792
123802
123812
123819
123821
123827
123836
123840
123849
123855
123861
123865
123873
123885
123894
123905
123912
123926
123933
123942
123948
123957
123960
123974
123979
123986
123994
124001
124011
124016
124026
124032
124040
124048
124053
124059
124067
124076
124085
124087
124094
124106
124111
124120
124125
124131
124139
124147
124157
124166
124173
124185
124194
124202
124212
124233
124240
124248
124254
124263
124272
124283
124293
124305
124311
124318
124325
124338
124345
124348
124352
124360
124375
124381
124387
124392
124401
124410
124418
124425
124434
124441
124447
124455
124463
124472
124479
124489
124497
124508
124516
124520
124530
124542
124546
124554
124565
124572
124583
124590
124600
124615
124620
124628
124634
124645
124653
124665
124675
124683
124691
124699
124702
124710
124719
124724
124732
124738
124751
124756
124765
124770
124778
124787
124798
124803
124815
124823
124829
124839
124854
124858
124865
124873
124877
124889
124897
124905
124910
124915
124921
124928
124937
124944
124954
124963
124975
124984
124991
124995
125004
125012
125027
125038
125047
125055
125065
125071
125081
125087
125097
125105
125115
125121
125127
125138
125147
125158
125166
125172
125180
125186
125197
125206
125210
125220
125227
125237
125245
125256
125267
125277
125283
125294
125300
125305
125312
125324
125334
125344
125351
125354
125362
125365
125372
125380
125382
125391
125401
125407
125416
125425
125433
125446
125453
125461
125471
125476
125482
125488
125496
125507
125517
125527
125535
125540
125545
125557
125568
125578
125582
125589
125603
125607
125615
125624
125631
125639
125651
125658
125663
125670
125681
125687
125697
125708
125713
125718
125721
125726
125735
125741
125748
125755
125769
125778
125787
125797
125801
125808
125814
125819
125829
125839
125845
125851
125858
125866
125873
125880
125886
125893
125905
125914
125924
125931
125942
125952
125954
125958
125968
125979
125988
125992
126004
126009
126020
126024
126030
126039
126047
126055
126059
126066
126072
126076
126083
126092
126094
126104
126107
126114
126123
126138
126146
126152
126160
126169
126181
126192
126200
126208
126218
126227
126237
126250
126259
126267
126274
126283
126288
126296
126298
126304
126308
126316
126329
126339
126351
126355
126362
126372
126383
126393
126398
126401
126410
126418
126425
126431
126439
126449
126455
126466
126478
126488
126498
126507
126516
126523
126531
126543
126552
126559
126567
126577
126582
126589
126594
126606
126614
126621
126628
126632
126641
126649
126651
126655
126663
126668
126678
126689
126699
126708
126716
126719
126721
126731
126736
126739
126745
126753
126758
126766
126774
126785
126793
126810
126813
126821
126831
126839
126844
126853
126861
126864
126872
126876
126881
126889
126902
126910
126913
126916
126926
126933
126943
126953
126958
126969
126976
126984
126992
126997
127005
127011
127018
127028
127037
127050
127057
127064
127071
127078
127086
127093
127103
127113
127121
127129
127138
127143
127151
127159
127168
127178
127185
127193
127202
127210
127217
127222
127232
127239
127249
127257
127267
127271
127277
127284
127293
127300
127305
127314
127325
127332
127340
127347
127350
127357
127364
127375
127383
127389
127397
127406
127417
127424
127428
127438
127448
127457
127466
127476
127482
127491
127498
127504
127514
127524
127530
127539
127547
127558
127566
127573
127581
127588
127598
127604
127614
127620
127626
127634
127643
127652
127656
127665
127675
127683
127691
127700
127711
127721
127730
127744
127757
127766
127770
127781
127790
127800
127809
127816
127824
127831
127836
127843
127852
127857
127862
127870
127877
127885
127890
127897
127905
127910
127921
127928
127937
127945
127952
127959
127966
127975
127983
127991
128003
128010
128017
128023
128029
128037
128043
128054
128063
128070
128084
128091
128100
128106
128112
128120
128128
128135
128144
128154
128161
128169
128175
128183
128191
128198
128204
128215
128219
128225
128234
128242
128251
128258
128267
128278
128291
128298
128305
128315
128324
128330
128337
128346
128354
128362
128370
128377
128387
128396
128405
128418
128430
128438
128448
128455
128465
128476
128484
128493
128503
128510
128518
128526
128533
128546
128553
128559
128567
128571
128584
128595
128602
128609
128616
128624
128634
128643
128649
128659
128666
128674
128682
128691
128698
128702
128708
128720
128730
128739
128747
128756
128765
128773
128785
128800
128809
128815
128820
128827
128838
128849
128857
128868
128874
128881
128886
128894
128902
128912
128922
128933
128941
128949
128956
128966
128972
128977
128984
129000
129009
129018
129026
129036
129043
129048
129056
129061
129069
129076
129080
129085
129096
129100
129108
129118
129126
129132
129140
129148
129156
129168
129174
129181
129190
129195
129203
129211
129217
129231
129238
129246
129254
129264
129275
129286
129294
129297
129303
129314
129320
129329
129338
129348
129362
129369
129373
129381
129390
129395
129403
129411
129423
129429
129435
129443
129453
129463
129471
129482
129489
129497
129502
129512
129520
129529
129536
129540
129550
129557
129568
129576
129584
129594
129601
129610
129619
129628
129636
129646
129664
129673
129682
129689
129699
129707
129713
129722
129730
129734
129739
129745
129752
129758
129766
129774
129782
129790
129799
129806
129814
129819
129823
129830
129834
129844
129847
129855
129870
129878
129888
129892
129903
129913
129923
129935
129943
129954
129962
129970
129978
129985
129994
130000
130008
130020
130028
130035
130042
130054
130060
130076
130084
130092
130097
130101
130110
130118
130122
130132
130142
130152
130161
130171
130182
130195
130199
130207
130214
130222
130225
130231
130241
130250
122756
122758
122760
122762
122765
122767
122769
122771
122773
122776
122779
122781
122782
122785
122788
122790
122792
122796
122799
122802
122806
122809
122812
122815
122818
122821
122824
122828
122831
122834
122838
122842
122845
122849
122851
122856
122861
122864
122866
122870
122874
122879
122883
122889
122895
122904
122908
122918
122924
122928
122931
122935
122940
122944
122951
122955
122961
122966
122970
122975
122983
122990
122996
123005
123008
123013
123016
123023
123026
123031
123036
123040
123046
123051
123056
123062
123068
123071
123075
123078
123084
123090
123096
123101
123105
123113
123116
123118
123124
123132
123138
123143
123146
123151
123155
123161
123165
123169
123176
123178
123183
123188
123193
123197
123203
123208
123214
123216
123222
123230
123234
123241
123248
123257
123264
123275
123282
123288
123290
123298
123305
123309
123314
123321
123330
123342
123350
123354
123365
123376
123383
123393
123399
123403
123411
123416
123423
123433
123444
123455
123464
123477
123484
123494
123500
123504
123512
123524
123532
123539
123549
123556
123564
123578
123590
123599
123603
123612
123620
123634
123653
123665
123674
123685
123692
123700
123709
123716
123723
123730
123735
123749
123753
123760
123766
123771
123781
123788
123795
123803
123806
123817
123829
123835
123844
123850
123857
123868
123876
123881
123892
123896
123903
123914
123918
123921
123924
123929
123939
123950
123962
123971
123983
123990
123998
124008
124018
124024
124030
124039
124043
124052
124057
124063
124071
124080
124090
124101
124108
124114
124122
124134
124138
124146
124156
124165
124171
124178
124183
124192
124206
124217
124227
124235
124246
124253
124260
124264
124274
124281
124287
124296
124304
124313
124323
124332
124340
124347
124350
124354
124362
124366
124376
124388
124395
124405
124408
124415
124424
124429
124435
124443
124450
124458
124466
124471
124478
124485
124493
124502
124513
124524
124531
124543
124552
124559
124564
124573
124584
124592
124598
124606
124612
124618
124625
124632
124641
124651
124659
124668
124673
124682
124690
124700
124708
124711
124713
124721
124728
124735
124739
124750
124763
124771
124777
124786
124793
124801
124810
124821
124833
124842
124848
124860
124866
124875
124884
124891
124899
124908
124912
124922
124929
124936
124943
124949
124952
124960
124966
124976
124986
124997
125002
125010
125021
125033
125044
125052
125059
125067
125069
125079
125092
125095
125101
125108
125116
125123
125133
125140
125149
125154
125162
125171
125177
125181
125187
125198
125207
125209
125218
125226
125236
125243
125248
125249
125258
125268
125275
125284
125288
125298
125304
125310
125316
125325
125330
125335
125345
125352
125357
125367
125374
125386
125390
125400
125411
125420
125429
125438
125448
125457
125465
125470
125479
125487
125493
125506
125516
125525
125531
125539
125544
125546
125553
125560
125567
125574
125583
125597
125606
125613
125629
125642
125647
125655
125661
125673
125682
125688
125694
125706
125716
125725
125733
125740
125746
125754
125766
125774
125779
125788
125795
125806
125812
125823
125830
125840
125849
125861
125867
125876
125885
125889
125896
125901
125906
125918
125926
125935
125939
125951
125961
125971
125978
125984
125994
126000
126013
126025
126035
126043
126050
126062
126075
126084
126091
126100
126110
126125
126132
126143
126149
126156
126164
126174
126186
126194
126199
126207
126219
126225
126234
126241
126247
126256
126265
126271
126281
126292
126300
126311
126317
126330
126336
126344
126361
126370
126375
126385
126394
126406
126415
126423
126432
126436
126448
126460
126465
126470
126477
126489
126500
126505
126509
126518
126528
126540
126555
126561
126575
126588
126592
126599
126609
126617
126625
126635
126644
126654
126662
126667
126679
126684
126694
126703
126713
126718
126728
126735
126744
126751
126759
126769
126775
126784
126791
126797
126804
126814
126822
126827
126834
126841
126847
126855
126863
126867
126879
126886
126895
126901
126907
126917
126923
126936
126947
126954
126959
126968
126977
126985
126993
127001
127010
127016
127023
127032
127041
127051
127056
127065
127077
127084
127092
127100
127108
127114
127122
127131
127140
127149
127154
127163
127172
127177
127188
127195
127203
127209
127219
127229
127236
127242
127247
127254
127263
127270
127279
127286
127294
127303
127311
127313
127320
127326
127333
127341
127352
127361
127370
127378
127386
127391
127400
127409
127414
127418
127426
127435
127446
127455
127462
127472
127480
127488
127496
127507
127516
127521
127526
127534
127542
127552
127559
127569
127577
127585
127593
127600
127605
127613
127619
127624
127631
127635
127642
127648
127653
127663
127671
127674
127682
127686
127694
127699
127706
127707
127717
127727
127729
127742
127750
127754
127765
127768
127777
127782
127787
127801
127811
127817
127823
127833
127844
127851
127861
127869
127873
127880
127892
127899
127909
127916
127925
127929
127942
127947
127953
127963
127970
127977
127987
127994
128000
128009
128018
128028
128036
128045
128051
128058
128065
128067
128076
128083
128085
128092
128103
128108
128116
128124
128132
128139
128147
128152
128163
128172
128179
128188
128196
128206
128218
128224
128233
128241
128247
128255
128260
128266
128274
128282
128290
128303
128308
128316
128325
128332
128342
128348
128358
128368
128378
128386
128394
128402
128410
128415
128420
128423
128437
128443
128453
128460
128470
128478
128491
128501
128508
128516
128523
128532
128542
128548
128556
128565
128576
128580
128587
128597
128604
128610
128622
128628
128636
128647
128655
128661
128672
128679
128687
128696
128704
128713
128723
128733
128742
128750
128759
128767
128780
128783
128789
128799
128807
128814
128825
128832
128841
128846
128850
128858
128861
128869
128877
128887
128896
128903
128910
128918
128926
128930
128938
128947
128954
128964
128973
128980
128983
128992
128999
129007
129017
129025
129034
129042
129049
129057
129066
129074
129088
129094
129101
129109
129119
129125
129131
129139
129143
129150
129158
129161
129169
129173
129183
129193
129199
129207
129214
129222
129226
129237
129244
129252
129259
129268
129273
129281
129289
129298
129310
129319
129327
129334
129342
129352
129359
129365
129377
129385
129392
129401
129410
129415
129418
129424
129433
129440
129447
129455
129460
129472
129479
129487
129496
129501
129509
129516
129523
129531
129554
129562
129570
129577
129583
129595
129604
129609
129616
129624
129632
129638
129648
129655
129663
129672
129683
129690
129697
129703
129711
129719
129728
129737
129742
129746
129754
129760
129767
129777
129786
129795
129803
129811
129821
129822
129837
129842
129853
129858
129869
129877
129883
129889
129893
129900
129909
129917
129927
129933
129942
129952
129960
129967
129972
129984
129992
130005
130013
130022
130031
130038
130047
130055
130064
130074
130077
130081
130089
130099
130106
130115
130124
130134
130140
130148
130155
130164
130170
130180
130191
130200
130208
130215
130223
130232
130242
130248
130255
130263
130274
130279
130285
130292
130298
122787
122791
122794
122797
122801
122804
122807
122811
122814
122816
122819
122823
122825
122829
122833
122836
122839
122846
122847
122853
122859
122862
122867
122873
122877
122882
122885
122888
122893
122898
122900
122907
122913
122917
122921
122926
122936
122941
122946
122949
122953
122959
122964
122969
122974
122980
122985
122991
122995
122999
123002
123007
123012
123017
123022
123027
123032
123037
123042
123045
123048
123057
123061
123067
123072
123077
123081
123087
123092
123097
123102
123106
123112
123117
123122
123125
123128
123133
123137
123142
123147
123153
123158
123163
123170
123177
123180
123185
123191
123194
123198
123201
123209
123215
123220
123223
123228
123238
123246
123255
123262
123271
123277
123283
123293
123301
123311
123315
123319
123327
123335
123341
123346
123353
123362
123370
123377
123385
123389
123397
123406
123412
123420
123429
123431
123435
123440
123450
123458
123465
123476
123479
123483
123495
123503
123508
123514
123522
123526
123530
123538
123550
123559
123566
123573
123583
123592
123605
123614
123630
123635
123644
123648
123657
123663
123670
123679
123686
123696
123704
123707
123717
123727
123732
123737
123748
123754
123759
123768
123782
123791
123798
123805
123814
123824
123830
123837
123842
123848
123853
123858
123871
123882
123889
123895
123904
123911
123922
123932
123936
123946
123955
123959
123975
123981
123985
123992
123999
124012
124017
124025
124035
124042
124046
124054
124064
124072
124078
124082
124095
124102
124110
124119
124127
124136
124143
124151
124163
124174
124182
124191
124201
124207
124213
124221
124230
124236
124242
124252
124259
124269
124278
124286
124291
124297
124303
124312
124322
124331
124339
124361
124368
124378
124385
124391
124399
124409
124417
124427
124437
124444
124454
124460
124468
124474
124477
124484
124491
124496
124504
124510
124522
124528
124541
124545
124553
124563
124571
124580
124585
124595
124602
124607
124611
124626
124636
124647
124656
124663
124671
124674
124684
124692
124693
124706
124718
124743
124749
124755
124760
124769
124780
124788
124796
124805
124811
124822
124832
124836
124841
124846
124857
124871
124874
124879
124886
124888
124896
124906
124913
124923
124931
124938
124946
124950
124959
124964
124977
124985
124990
124992
124998
125001
125007
125015
125020
125026
125032
125037
125041
125048
125056
125062
125075
125083
125086
125096
125109
125118
125126
125129
125136
125145
125157
125167
125179
125188
125196
125202
125213
125221
125228
125233
125240
125250
125262
125272
125279
125292
125302
125308
125314
125320
125326
125332
125343
125350
125360
125364
125373
125381
125389
125396
125403
125410
125419
125427
125437
125442
125452
125459
125467
125475
125481
125494
125504
125514
125528
125534
125543
125551
125561
125571
125579
125585
125595
125602
125614
125622
125628
125635
125640
125653
125659
125665
125675
125683
125684
125691
125700
125704
125714
125724
125734
125747
125757
125764
125775
125783
125789
125798
125802
125811
125817
125821
125831
125837
125846
125857
125869
125877
125887
125892
125902
125911
125919
125925
125932
125943
125950
125956
125965
125977
125985
125995
125999
126006
126015
126028
126036
126042
126052
126061
126068
126079
126086
126096
126103
126109
126115
126124
126134
126141
126157
126166
126176
126185
126190
126201
126209
126214
126221
126231
126240
126245
126251
126263
126275
126280
126286
126293
126301
126309
126319
126324
126333
126337
126346
126359
126366
126374
126384
126396
126404
126412
126420
126428
126438
126445
126459
126467
126473
126480
126485
126493
126496
126504
126514
126525
126532
126545
126551
126562
126574
126585
126596
126601
126608
126619
126627
126633
126639
126646
126652
126658
126674
126686
126693
126704
126710
126730
126740
126746
126754
126760
126767
126776
126780
126782
126789
126798
126801
126808
126818
126829
126837
126846
126857
126869
126877
126883
126890
126894
126896
126906
126919
126929
126937
126944
126950
126960
126971
126980
126990
126999
127007
127017
127027
127035
127043
127052
127059
127067
127072
127080
127090
127098
127106
127116
127125
127134
127141
127148
127155
127162
127170
127173
127174
127182
127187
127198
127207
127215
127224
127231
127240
127250
127253
127265
127275
127285
127291
127301
127304
127312
127321
127331
127338
127343
127354
127363
127369
127377
127379
127387
127395
127402
127410
127421
127429
127437
127447
127458
127469
127477
127487
127493
127501
127509
127518
127528
127536
127544
127549
127555
127560
127568
127575
127582
127591
127595
127607
127616
127627
127638
127647
127658
127664
127672
127681
127685
127693
127702
127713
127719
127728
127734
127737
127745
127753
127761
127767
127775
127783
127789
127795
127803
127810
127815
127822
127830
127840
127848
127855
127864
127874
127884
127893
127902
127912
127918
127926
127934
127940
127949
127960
127968
127979
127988
127998
128006
128013
128030
128042
128050
128056
128060
128072
128077
128087
128098
128107
128113
128122
128131
128142
128148
128157
128164
128174
128182
128192
128200
128210
128213
128220
128231
128239
128249
128256
128270
128275
128283
128289
128301
128310
128318
128322
128333
128343
128350
128357
128366
128372
128382
128389
128397
128404
128416
128427
128433
128442
128449
128456
128463
128477
128487
128495
128504
128512
128521
128529
128538
128545
128552
128562
128569
128577
128586
128592
128599
128607
128617
128626
128633
128644
128656
128664
128667
128675
128683
128689
128697
128707
128714
128724
128728
128737
128746
128755
128764
128772
128778
128782
128784
128792
128795
128805
128813
128822
128828
128837
128845
128853
128863
128871
128880
128889
128897
128905
128916
128925
128934
128942
128950
128955
128963
128971
128975
128986
128991
128997
129005
129011
129019
129027
129039
129052
129063
129072
129081
129087
129097
129105
129120
129129
129134
129142
129151
129159
129167
129176
129186
129191
129200
129208
129219
129230
129240
129248
129256
129265
129276
129285
129293
129299
129306
129308
129316
129323
129331
129341
129346
129353
129355
129363
129372
129379
129383
129394
129400
129409
129416
129426
129434
129442
129449
129458
129468
129475
129483
129490
129500
129507
129515
129525
129535
129541
129547
129555
129561
129564
129572
129585
129596
129603
129613
129618
129625
129631
129641
129650
129656
129661
129669
129679
129687
129710
129717
129726
129735
129740
129750
129756
129762
129771
129779
129789
129797
129804
129813
129828
129835
129846
129851
129860
129865
129873
129880
129887
129898
129910
129918
129924
129936
129945
129955
129963
129971
129979
129983
129991
129999
130004
130015
130023
130030
130039
130046
130050
130057
130065
130075
130091
130098
130108
130111
130120
130129
130135
130144
130154
130163
130172
130181
130189
130197
130202
130210
130217
130230
130238
130246
130257
130264
130272
130278
130286
130293
130302
130308
130312
130318
130324
130330
130337
130343
130349
130356
130363
130368
130376
130382
130386
130394
130400
130406
130411
130416
130421
130426
130433
130439
130445
130448
130453
130458
130462
130467
122827
122832
122837
122841
122844
122848
122852
122854
122857
122863
122868
122872
122878
122884
122890
122894
122899
122903
122909
122912
122915
122919
122923
122929
122932
122938
122942
122947
122952
122957
122963
122967
122972
122976
122979
122984
122988
122993
122998
123004
123009
123014
123020
123025
123029
123033
123038
123043
123050
123055
123060
123065
123069
123076
123082
123086
123091
123094
123098
123104
123108
123110
123121
123126
123130
123136
123141
123148
123152
123156
123160
123164
123168
123173
123182
123186
123189
123195
123202
123212
123218
123226
123229
123235
123242
123251
123258
123268
123274
123276
123286
123296
123299
123306
123313
123323
123331
123338
123348
123355
123367
123373
123381
123390
123404
123417
123422
123430
123441
123451
123461
123471
123482
123491
123501
123506
123513
123523
123531
123540
123545
123548
123555
123560
123567
123569
123576
123585
123593
123607
123616
123624
123631
123654
123661
123669
123677
123690
123697
123706
123714
123722
123726
123733
123740
123750
123756
123767
123779
123789
123797
123807
123811
123815
123826
123833
123843
123854
123860
123867
123875
123880
123888
123899
123906
123917
123920
123931
123941
123945
123951
123965
123970
123978
123989
123995
124002
124009
124020
124028
124036
124049
124060
124070
124079
124091
124100
124112
124118
124128
124132
124145
124155
124162
124168
124176
124187
124195
124200
124208
124219
124226
124229
124238
124247
124251
124261
124265
124273
124276
124285
124292
124298
124307
124315
124320
124328
124337
124342
124349
124355
124363
124369
124372
124380
124389
124394
124397
124404
124412
124416
124422
124432
124440
124448
124456
124464
124482
124488
124498
124514
124525
124533
124536
124549
124557
124568
124576
124589
124601
124617
124624
124633
124637
124640
124648
124657
124658
124666
124676
124686
124697
124707
124712
124720
124725
124731
124736
124741
124746
124753
124757
124761
124768
124776
124784
124789
124794
124802
124809
124813
124820
124826
124838
124844
124855
124859
124868
124878
124885
124887
124894
124904
124914
124926
124933
124940
124948
124958
124965
124974
124982
124993
125003
125009
125017
125025
125031
125042
125049
125061
125072
125080
125091
125100
125107
125114
125120
125135
125142
125151
125155
125159
125161
125169
125175
125184
125194
125201
125214
125219
125229
125238
125247
125251
125259
125265
125271
125281
125290
125299
125306
125309
125315
125323
125333
125346
125356
125368
125375
125378
125388
125397
125405
125412
125417
125424
125434
125441
125443
125451
125463
125472
125484
125490
125498
125502
125510
125515
125523
125537
125547
125559
125565
125576
125586
125592
125599
125608
125621
125623
125632
125641
125654
125666
125676
125692
125703
125717
125727
125738
125750
125758
125768
125776
125784
125791
125796
125807
125813
125820
125827
125835
125848
125855
125863
125871
125881
125891
125899
125904
125910
125917
125927
125936
125941
125948
125959
125966
125976
125986
125990
125993
126001
126008
126017
126026
126033
126045
126051
126057
126064
126074
126078
126087
126095
126102
126108
126117
126121
126129
126133
126139
126151
126155
126163
126171
126177
126188
126197
126203
126211
126217
126226
126230
126236
126246
126254
126261
126269
126276
126284
126291
126302
126306
126312
126318
126327
126340
126350
126354
126363
126369
126378
126386
126390
126400
126408
126416
126422
126430
126435
126441
126444
126458
126462
126472
126481
126491
126502
126510
126521
126533
126546
126548
126557
126564
126568
126573
126579
126591
126598
126603
126611
126618
126624
126634
126643
126657
126665
126670
126681
126690
126695
126705
126709
126717
126720
126726
126737
126748
126755
126763
126768
126778
126787
126795
126807
126812
126820
126826
126836
126848
126852
126862
126871
126880
126885
126893
126897
126908
126918
126922
126928
126932
126940
126948
126956
126966
126974
126979
126988
126996
127003
127014
127022
127029
127038
127048
127053
127061
127070
127074
127081
127085
127094
127104
127112
127120
127128
127137
127146
127156
127165
127180
127189
127200
127212
127220
127228
127235
127243
127251
127259
127264
127276
127283
127295
127302
127310
127315
127324
127335
127345
127355
127360
127366
127372
127385
127390
127399
127408
127412
127419
127430
127436
127443
127450
127459
127465
127471
127479
127485
127492
127500
127511
127519
127523
127529
127537
127545
127554
127563
127571
127578
127587
127592
127601
127628
127637
127645
127657
127667
127677
127684
127692
127701
127710
127715
127718
127725
127733
127740
127749
127755
127760
127772
127779
127786
127794
127802
127806
127819
127827
127838
127847
127856
127867
127876
127883
127891
127904
127914
127919
127927
127935
127939
127956
127958
127967
127971
127976
127980
127989
127993
127999
128007
128015
128020
128024
128031
128038
128046
128053
128059
128068
128078
128088
128094
128105
128115
128123
128134
128140
128150
128158
128160
128170
128180
128187
128195
128203
128209
128223
128230
128237
128245
128252
128259
128264
128272
128280
128288
128296
128300
128312
128320
128328
128336
128347
128355
128363
128369
128373
128380
128388
128395
128403
128411
128413
128421
128428
128432
128439
128446
128457
128467
128472
128481
128485
128490
128499
128505
128511
128519
128528
128535
128539
128547
128554
128563
128572
128582
128594
128603
128608
128614
128619
128632
128640
128651
128663
128671
128677
128685
128692
128700
128709
128712
128715
128721
128725
128731
128741
128752
128760
128769
128779
128788
128796
128806
128816
128824
128833
128836
128842
128851
128859
128862
128870
128878
128884
128892
128899
128907
128914
128920
128927
128935
128944
128957
128967
128976
128988
128995
129002
129008
129015
129022
129030
129038
129046
129051
129059
129064
129075
129086
129092
129102
129112
129113
129124
129137
129145
129153
129164
129175
129182
129192
129197
129205
129213
129221
129224
129232
129239
129247
129255
129266
129277
129282
129288
129305
129312
129322
129328
129336
129344
129347
129354
129361
129370
129380
129388
129397
129405
129414
129420
129428
129437
129444
129450
129456
129461
129465
129474
129481
129488
129495
129504
129517
129526
129537
129543
129552
129560
129566
129574
129580
129588
129591
129597
129605
129611
129620
129627
129637
129645
129649
129654
129659
129668
129676
129686
129696
129702
129704
129712
129720
129727
129732
129741
129744
129753
129759
129764
129768
129775
129783
129792
129800
129808
129817
129825
129836
129840
129852
129862
129868
129871
129881
129890
129897
129904
129914
129921
129931
129938
129944
129957
129964
129976
129982
129990
129993
130003
130014
130021
130029
130037
130043
130048
130052
130062
130069
130078
130086
130094
130104
130109
130116
130125
130130
130139
130147
130157
130162
130166
130174
130177
130184
130188
130196
130206
130213
130221
130228
130233
130239
130243
130251
130259
130261
130268
130275
130281
130287
130294
130300
130307
130314
130320
130326
130334
130339
130345
130352
130359
130365
130371
130375
130380
130387
130389
130393
130399
122876
122881
122887
122897
122901
122906
122911
122914
122920
122925
122930
122933
122939
122943
122950
122954
122958
122962
122968
122973
122977
122981
122987
122992
122997
123000
123006
123010
123015
123018
123021
123028
123034
123039
123047
123052
123053
123058
123063
123066
123073
123080
123083
123088
123093
123100
123109
123114
123115
123119
123123
123129
123134
123139
123145
123149
123154
123159
123166
123171
123174
123179
123187
123192
123200
123205
123211
123217
123225
123231
123239
123245
123252
123260
123265
123269
123280
123289
123292
123302
123308
123318
123325
123329
123334
123337
123344
123356
123361
123369
123379
123387
123396
123405
123413
123421
123428
123432
123442
123446
123456
123463
123469
123473
123486
123489
123511
123517
123521
123543
123547
123561
123568
123574
123582
123588
123596
123602
123604
123609
123619
123622
123625
123633
123652
123664
123672
123681
123684
123694
123702
123713
123720
123729
123736
123743
123744
123752
123761
123765
123769
123778
123790
123801
123809
123820
123838
123845
123851
123859
123866
123872
123877
123883
123890
123900
123910
123919
123928
123937
123944
123954
123966
123969
123977
123987
123997
124003
124007
124015
124021
124029
124037
124050
124061
124069
124077
124086
124089
124097
124107
124116
124124
124135
124140
124149
124153
124159
124169
124177
124189
124196
124203
124216
124225
124234
124245
124258
124267
124275
124282
124288
124295
124302
124309
124316
124327
124335
124344
124359
124365
124374
124382
124393
124402
124407
124414
124420
124431
124439
124449
124457
124465
124473
124476
124486
124494
124501
124509
124517
124523
124532
124537
124548
124556
124566
124578
124587
124593
124599
124608
124613
124623
124627
124635
124646
124654
124660
124667
124677
124680
124688
124694
124705
124714
124722
124729
124734
124742
124748
124758
124775
124783
124791
124799
124806
124819
124830
124840
124852
124862
124870
124880
124892
124901
124909
124917
124920
124930
124939
124947
124951
124957
124968
124970
124979
124987
124996
125006
125014
125024
125030
125036
125039
125046
125053
125058
125066
125070
125077
125078
125088
125098
125104
125110
125117
125125
125128
125132
125139
125150
125152
125164
125176
125190
125192
125204
125212
125222
125230
125235
125244
125255
125257
125260
125266
125273
125280
125291
125319
125329
125336
125342
125353
125355
125361
125371
125383
125392
125398
125406
125414
125421
125430
125435
125445
125456
125462
125468
125478
125485
125492
125501
125508
125513
125524
125530
125533
125541
125552
125558
125566
125577
125587
125598
125604
125610
125619
125630
125637
125643
125648
125657
125667
125671
125677
125690
125698
125707
125711
125722
125730
125736
125745
125753
125759
125763
125767
125771
125782
125790
125799
125804
125810
125824
125833
125841
125847
125854
125862
125864
125874
125884
125894
125903
125909
125916
125921
125929
125938
125946
125957
125964
125975
125982
125996
126002
126011
126018
126029
126037
126044
126053
126065
126069
126073
126077
126085
126097
126105
126113
126118
126127
126137
126144
126150
126153
126162
126168
126178
126182
126187
126189
126196
126204
126213
126216
126224
126233
126239
126244
126252
126262
126270
126278
126287
126295
126305
126314
126323
126328
126342
126348
126353
126357
126365
126371
126376
126379
126388
126391
126399
126403
126411
126419
126427
126437
126447
126452
126456
126468
126475
126484
126492
126497
126508
126512
126517
126527
126535
126537
126541
126554
126558
126566
126570
126578
126581
126586
126595
126605
126612
126622
126630
126636
126645
126656
126664
126671
126676
126683
126691
126700
126706
126715
126725
126734
126743
126752
126761
126772
126783
126792
126802
126806
126816
126823
126830
126835
126838
126850
126859
126865
126874
126884
126891
126899
126911
126921
126930
126934
126942
126952
126957
126967
126972
126983
126991
127000
127009
127015
127026
127034
127039
127045
127054
127062
127068
127076
127087
127095
127105
127119
127135
127145
127152
127160
127167
127171
127181
127184
127192
127199
127206
127214
127223
127230
127238
127245
127255
127268
127278
127288
127297
127307
127316
127323
127328
127336
127351
127358
127367
127374
127382
127392
127396
127403
127411
127420
127432
127441
127453
127461
127468
127475
127486
127495
127506
127515
127525
127533
127540
127553
127562
127564
127574
127583
127594
127602
127610
127615
127625
127633
127640
127649
127655
127666
127676
127687
127696
127705
127714
127723
127735
127743
127751
127762
127771
127780
127791
127796
127804
127812
127818
127829
127835
127841
127846
127854
127863
127872
127881
127889
127898
127906
127907
127915
127920
127933
127938
127946
127951
127962
127972
127981
127985
127992
128002
128014
128021
128026
128035
128044
128052
128061
128069
128081
128093
128099
128111
128118
128125
128129
128137
128146
128156
128166
128171
128178
128185
128193
128201
128211
128221
128228
128236
128243
128248
128257
128265
128273
128279
128286
128294
128302
128314
128323
128329
128335
128341
128349
128356
128365
128375
128385
128392
128401
128409
128417
128426
128436
128444
128450
128461
128466
128473
128480
128488
128500
128509
128517
128525
128534
128540
128550
128558
128566
128573
128579
128588
128593
128598
128606
128615
128620
128629
128637
128641
128645
128652
128660
128669
128681
128688
128695
128701
128705
128716
128726
128734
128738
128745
128758
128766
128776
128787
128797
128802
128810
128821
128830
128839
128847
128855
128866
128873
128879
128885
128893
128900
128909
128919
128928
128937
128948
128958
128970
128979
128985
128993
129001
129010
129016
129021
129029
129037
129045
129054
129060
129068
129077
129090
129095
129103
129110
129114
129123
129138
129147
129155
129163
129170
129177
129185
129194
129202
129210
129218
129227
129235
129243
129249
129257
129262
129269
129280
129290
129301
129307
129313
129321
129332
129343
129351
129356
129364
129371
129374
129382
129389
129399
129406
129413
129417
129422
129430
129439
129446
129454
129464
129467
129473
129478
129486
129494
129505
129511
129521
129528
129533
129553
129563
129571
129579
129586
129590
129599
129606
129614
129623
129634
129643
129653
129660
129666
129674
129677
129685
129694
129709
129715
129723
129729
129736
129743
129747
129755
129769
129776
129784
129791
129798
129807
129816
129826
129831
129839
129850
129861
129863
129875
129882
129891
129896
129905
129911
129919
129925
129929
129937
129947
129951
129961
129968
129974
129986
129998
130009
130019
130024
130032
130044
130056
130063
130068
130072
130079
130090
130096
130103
130113
130123
130131
130138
130146
130151
130159
130168
130176
130185
130194
130203
130211
130218
130227
130234
130244
130252
130258
130265
130271
130276
130283
130291
130299
130305
130309
130316
130322
130327
130331
130336
130342
130346
130351
130357
130360
130367
130373
130379
130385
130391
130397
130402
130405
130410
130415
130422
130427
130434
130436
130441
130446
130452
130456
130461
130466
130471
130475
130480
130484
130487
130491
130495
130499
130502
130506
130510
130513
130515