132145, 132145, 132146, 132147, 132148, 132149, 132150, 132151, 132152, 132153, 132154
132155, 132155, 132156, 132157, 132158, 132159, 132160, 132161, 132162, 132163, 132164
132165, 132165, 132166, 132167, 132168, 132169, 132170, 132171, 132172, 132173, 132174
132175, 132175, 132176, 132177, 132179, 132181, 132183, 132184, 132187, 132188, 132191
132192, 132192, 132194, 132197, 132199, 132200, 132202, 132204, 132207, 132208, 132211
132213, 132213, 132214, 132216, 132220, 132222, 132224, 132226, 132228, 132230, 132232
132233, 132233, 132235, 132237, 132239, 132241, 132243, 132246, 132248, 132250, 132251
132254, 132254, 132256, 132258, 132260, 132262, 132264, 132266, 132267, 132270, 132271
132273, 132273, 132275, 132277, 132279, 132281, 132283, 132286, 132291, 132294, 132297
132301, 132301, 132305, 132307, 132310, 132312, 132314, 132318, 132322, 132324, 132328
132331, 132331, 132334, 132337, 132341, 132346, 132349, 132351, 132355, 132360, 132364
132369, 132369, 132371, 132375, 132376, 132380, 132384, 132386, 132393, 132399, 132402
132408, 132408, 132414, 132418, 132422, 132428, 132433, 132438, 132443, 132447, 132452
132456, 132456, 132460, 132464, 132466, 132470, 132476, 132481, 132485, 132490, 132495
132500, 132500, 132505, 132511, 132512, 132519, 132523, 132527, 132532, 132538, 132544
132548, 132548, 132554, 132559, 132564, 132569, 132573, 132576, 132581, 132587, 132590
132593, 132593, 132599, 132604, 132609, 132615, 132618, 132626, 132629, 132634, 132642
132647, 132647, 132651, 132657, 132660, 132665, 132672, 132675, 132682, 132688, 132692
132698, 132698, 132702, 132709, 132714, 132719, 132723, 132727, 132733, 132739, 132744
132749, 132749, 132755, 132760, 132764, 132770, 132776, 132779, 132784, 132789, 132794
132800, 132800, 132807, 132813, 132817, 132820, 132827, 132830, 132838, 132842, 132850
132857, 132857, 132862, 132863, 132869, 132873, 132882, 132883, 132891, 132895, 132899
132906, 132906, 132910, 132913, 132921, 132923, 132928, 132934, 132938, 132940, 132948
132952, 132952, 132956, 132964, 132969, 132970, 132975, 132980, 132984, 132990, 132995
132999, 132999, 133004, 133009, 133014, 133018, 133023, 133027, 133032, 133051, 133056
133061, 133061, 133066, 133070, 133076, 133081, 133085, 133090, 133095, 133101, 133107
133109, 133109, 133114, 133122, 133124, 133129, 133137, 133143, 133146, 133150, 133156
133160, 133160, 133167, 133170, 133173, 133175, 133180, 133185, 133187, 133193, 133198
133205, 133205, 133211, 133216, 133221, 133226, 133233, 133239, 133244, 133247, 133251
133256, 133256, 133261, 133267, 133271, 133275, 133280, 133284, 133289, 133295, 133300
133306, 133306, 133310, 133316, 133320, 133324, 133331, 133335, 133341, 133346, 133352
133357, 133357, 133362, 133364, 133369, 133373, 133378, 133384, 133392, 133397, 133402
133406, 133406, 133411, 133416, 133421, 133428, 133434, 133437, 133441, 133449, 133451
133458, 133458, 133464, 133465, 133470, 133478, 133482, 133485, 133493, 133498, 133502
133508, 133508, 133512, 133520, 133524, 133530, 133532, 133537, 133541, 133546, 133551
133556, 133556, 133561, 133564, 133566, 133572, 133577, 133582, 133587, 133592, 133594
133601, 133601, 133611, 133615, 133619, 133624, 133632, 133637, 133641, 133647, 133651
133657, 133657, 133659, 133666, 133669, 133675, 133680, 133686, 133692, 133695, 133702
133704, 133704, 133709, 133714, 133719, 133724, 133728, 133732, 133738, 133741, 133746
133751, 133751, 133756, 133763, 133765, 133773, 133775, 133782, 133788, 133791, 133797
133802, 133802, 133806, 133812, 133815, 133819, 133824, 133829, 133834, 133839, 133845
133852, 133852, 133857, 133862, 133867, 133870, 133873, 133880, 133888, 133890, 133895
133900, 133900, 133905, 133910, 133915, 133920, 133925, 133930, 133935, 133939, 133944
133949, 133949, 133954, 133959, 133963, 133965, 133970, 133975, 133980, 133985, 133990
133995, 133995, 133999, 134001, 134006, 134012, 134017, 134022, 134027, 134032, 134035
134040, 134040, 134042, 134048, 134054, 134058, 134063, 134068, 134073, 134078, 134081
134085, 134085, 134090, 134099, 134103, 134107, 134112, 134119, 134124, 134129, 134134
134139, 134139, 134142, 134146, 134148, 134152, 134156, 134163, 134169, 134171, 134177
134184, 134184, 134189, 134193, 134198, 134203, 134207, 134212, 134218, 134223, 134228
134233, 134233, 134238, 134244, 134248, 134253, 134259, 134263, 134268, 134273, 134280
134283, 134283, 134291, 134297, 134302, 134308, 134313, 134318, 134323, 134330, 134335
134339, 134339, 134343, 134350, 134355, 134358, 134363, 134370, 134373, 134378, 134383
134388, 134388, 134392, 134399, 134402, 134409, 134410, 134418, 134422, 134428, 134433
134439, 134439, 134443, 134448, 134453, 134458, 134463, 134469, 134470, 134476, 134481
134485, 134485, 134490, 134495, 134497, 134505, 134510, 134512, 134517, 134522, 134528
134532, 134532, 134537, 134541, 134548, 134552, 134558, 134564, 134571, 134572, 134577
134584, 134584, 134590, 134596, 134601, 134604, 134609, 134617, 134620, 134625, 134632
134636, 134636, 134642, 134647, 134653, 134655, 134659, 134666, 134670, 134675, 134681
134687, 134687, 134689, 134695, 134700, 134704, 134709, 134714, 134719, 134724, 134729
134732, 134732, 134737, 134742, 134747, 134753, 134757, 134763, 134767, 134772, 134777
134783, 134783, 134788, 134792, 134798, 134803, 134806, 134812, 134818, 134820, 134824
134827, 134827, 134832, 134837, 134850, 134855, 134861, 134866, 134871, 134876, 134881
134885, 134885, 134890, 134894, 134899, 134904, 134909, 134914, 134918, 134923, 134929
134933, 134933, 134940, 134941, 134947, 134955, 134959, 134964, 134969, 134974, 134978
134984, 134984, 134988, 134992, 134997, 135002, 135007, 135014, 135019, 135022, 135027
135034, 135034, 135039, 135043, 135049, 135053, 135058, 135063, 135066, 135072, 135077
135083, 135083, 135086, 135089, 135092, 135096, 135100, 135106, 135110, 135114, 135123
135128, 135128, 135131, 135135, 135142, 135146, 135153, 135158, 135160, 135167, 135173
135178, 135178, 135179, 135185, 135191, 135196, 135203, 135206, 135219, 135224, 135227
135233, 135233, 135237, 135243, 135248, 135256, 135259, 135265, 135271, 135275, 135280
135285, 135285, 135291, 135294, 135301, 135307, 135311, 135316, 135321, 135326, 135332
135336, 135336, 135342, 135347, 135352, 135357, 135362, 135367, 135372, 135377, 135381
135387, 135387, 135390, 135395, 135401, 135405, 135410, 135414, 135419, 135424, 135431
135435, 135435, 135439, 135444, 135452, 135457, 135465, 135470, 135472, 135476, 135479
135484, 135484, 135492, 135498, 135500, 135507, 135512, 135516, 135519, 135524, 135531
135534, 135534, 135542, 135548, 135551, 135558, 135561, 135566, 135572, 135577, 135580
135587, 135587, 135592, 135598, 135601, 135607, 135611, 135619, 135623, 135627, 135630
135637, 135637, 135644, 135647, 135653, 135657, 135665, 135670, 135675, 135680, 135682
135690, 135690, 135695, 135696, 135697, 135698, 135703, 135707, 135713, 135718, 135721
135725, 135725, 135734, 135739, 135744, 135749, 135754, 135759, 135764, 135769, 135773
135776, 135776, 135782, 135788, 135792, 135797, 135802, 135806, 135811, 135816, 135822
135829, 135829, 135834, 135840, 135844, 135851, 135856, 135864, 135869, 135877, 135882
135887, 135887, 135888, 135894, 135902, 135907, 135910, 135917, 135919, 135925, 135929
135936, 135936, 135940, 135947, 135951, 135957, 135958, 135965, 135971, 135977, 135981
135985, 135985, 135991, 135994, 136001, 136004, 136008, 136014, 136019, 136024, 136029
136034, 136034, 136040, 136045, 136050, 136056, 136062, 136066, 136072, 136078, 136083
136086, 136086, 136091, 136094, 136102, 136106, 136112, 136118, 136122, 136128, 136132
136138, 136138, 136143, 136148, 136153, 136157, 136162, 136167, 136171, 136173, 136178
136183, 136183, 136189, 136194, 136198, 136203, 136208, 136213, 136219, 136224, 136229
136235, 136235, 136238, 136243, 136249, 136254, 136260, 136264, 136266, 136271, 136276
136281, 136281, 136286, 136291, 136292, 136299, 136303, 136309, 136314, 136317, 136322
136327, 136327, 136333, 136338, 136343, 136348, 136353, 136356, 136361, 136368, 136370
136377, 136377, 136384, 136386, 136391, 136395, 136403, 136408, 136411, 136417, 136422
136427, 136427, 136433, 136438, 136443, 136448, 136450, 136457, 136461, 136465, 136470
136475, 136475, 136480, 136482, 136491, 136496, 136499, 136506, 136510, 136516, 136519
136524, 136524, 136532, 136538, 136542, 136544, 136549, 136554, 136559, 136564, 136570
136574, 136574, 136579, 136584, 136590, 136594, 136600, 136606, 136610, 136617, 136619
136626, 136626, 136631, 136636, 136640, 136644, 136651, 136657, 136659, 136666, 136671
136675, 136675, 136680, 136686, 136691, 136699, 136703, 136707, 136714, 136716, 136722
136726, 136726, 136731, 136736, 136741, 136746, 136750, 132178, 132180, 132182, 132185
132186, 132186, 132189, 132190, 132193, 132195, 132196, 132198, 132201, 132203, 132205
132206, 132206, 132209, 132210, 132212, 132215, 132217, 132219, 132221, 132223, 132225
132227, 132227, 132229, 132231, 132234, 132236, 132238, 132240, 132242, 132244, 132245
132247, 132247, 132249, 132252, 132253, 132255, 132257, 132259, 132261, 132263, 132265
132268, 132268, 132269, 132272, 132274, 132276, 132278, 132280, 132282, 132292, 132300
132304, 132304, 132306, 132327, 132339, 132361, 132363, 132372, 132381, 132387, 132390
132396, 132396, 132400, 132405, 132412, 132415, 132419, 132424, 132429, 132435, 132441
132449, 132449, 132454, 132458, 132462, 132465, 132471, 132477, 132483, 132487, 132493
132498, 132498, 132503, 132514, 132521, 132526, 132529, 132537, 132543, 132549, 132553
132558, 132558, 132563, 132568, 132572, 132575, 132580, 132586, 132588, 132596, 132600
132605, 132605, 132610, 132613, 132619, 132624, 132630, 132635, 132639, 132644, 132648
132653, 132653, 132658, 132663, 132668, 132673, 132678, 132683, 132685, 132691, 132695
132701, 132701, 132705, 132711, 132716, 132724, 132729, 132734, 132737, 132742, 132747
132752, 132752, 132757, 132761, 132766, 132769, 132777, 132781, 132787, 132790, 132797
132799, 132799, 132808, 132811, 132816, 132822, 132826, 132832, 132837, 132843, 132848
132856, 132856, 132859, 132864, 132868, 132876, 132879, 132886, 132892, 132897, 132901
132905, 132905, 132908, 132916, 132918, 132924, 132929, 132933, 132939, 132942, 132947
132954, 132954, 132959, 132960, 132967, 132972, 132978, 132982, 132986, 132991, 132996
133001, 133001, 133006, 133011, 133016, 133021, 133026, 133031, 133038, 133042, 133046
133048, 133048, 133054, 133058, 133063, 133068, 133074, 133079, 133084, 133089, 133093
133098, 133098, 133105, 133111, 133115, 133120, 133126, 133132, 133136, 133140, 133145
133151, 133151, 133157, 133163, 133169, 133172, 133177, 133184, 133190, 133192, 133197
133202, 133202, 133210, 133215, 133220, 133224, 133229, 133235, 133236, 133242, 133250
133253, 133253, 133258, 133266, 133268, 133274, 133281, 133286, 133291, 133296, 133302
133308, 133308, 133313, 133318, 133323, 133328, 133333, 133338, 133343, 133348, 133353
133358, 133358, 133363, 133368, 133374, 133381, 133387, 133389, 133396, 133400, 133407
133412, 133412, 133417, 133423, 133426, 133432, 133435, 133442, 133445, 133452, 133455
133462, 133462, 133469, 133474, 133475, 133480, 133487, 133490, 133495, 133503, 133509
133511, 133511, 133519, 133521, 133528, 133533, 133536, 133543, 133549, 133552, 133557
133563, 133563, 133567, 133571, 133576, 133581, 133586, 133591, 133596, 133599, 133605
133610, 133610, 133616, 133620, 133626, 133629, 133633, 133639, 133646, 133648, 133654
133662, 133662, 133664, 133668, 133673, 133678, 133683, 133688, 133693, 133697, 133699
133706, 133706, 133713, 133718, 133722, 133727, 133734, 133736, 133745, 133750, 133754
133759, 133759, 133764, 133769, 133777, 133783, 133786, 133789, 133796, 133800, 133808
133810, 133810, 133817, 133822, 133826, 133830, 133835, 133841, 133846, 133851, 133855
133865, 133865, 133874, 133881, 133887, 133891, 133896, 133901, 133906, 133911, 133916
133921, 133921, 133926, 133931, 133936, 133941, 133946, 133951, 133956, 133961, 133969
133974, 133974, 133979, 133984, 133988, 133992, 133998, 134002, 134008, 134013, 134018
134023, 134023, 134028, 134033, 134036, 134041, 134045, 134050, 134056, 134061, 134066
134071, 134071, 134079, 134080, 134088, 134094, 134095, 134102, 134108, 134110, 134115
134121, 134121, 134125, 134131, 134135, 134140, 134149, 134154, 134158, 134164, 134168
134173, 134173, 134176, 134182, 134188, 134190, 134195, 134200, 134205, 134211, 134216
134221, 134221, 134226, 134231, 134236, 134241, 134247, 134251, 134256, 134261, 134266
134272, 134272, 134277, 134281, 134287, 134290, 134294, 134299, 134305, 134312, 134317
134322, 134322, 134327, 134332, 134337, 134342, 134346, 134352, 134357, 134359, 134364
134372, 134372, 134376, 134381, 134386, 134390, 134397, 134403, 134408, 134412, 134420
134424, 134424, 134429, 134434, 134438, 134444, 134449, 134454, 134459, 134467, 134471
134475, 134475, 134479, 134483, 134487, 134492, 134498, 134501, 134506, 134511, 134516
134525, 134525, 134530, 134533, 134538, 134542, 134550, 134554, 134561, 134566, 134567
134574, 134574, 134581, 134586, 134591, 134593, 134598, 134603, 134608, 134610, 134616
134623, 134623, 134627, 134631, 134635, 134641, 134648, 134650, 134654, 134661, 134665
134672, 134672, 134676, 134680, 134688, 134693, 134698, 134702, 134707, 134713, 134718
134723, 134723, 134728, 134734, 134738, 134743, 134749, 134755, 134760, 134765, 134771
134776, 134776, 134781, 134785, 134793, 134795, 134799, 134804, 134809, 134814, 134819
134823, 134823, 134826, 134831, 134836, 134847, 134854, 134859, 134864, 134870, 134875
134880, 134880, 134886, 134891, 134896, 134900, 134905, 134910, 134915, 134920, 134925
134928, 134928, 134934, 134937, 134943, 134949, 134952, 134957, 134962, 134966, 134970
134977, 134977, 134982, 134987, 134993, 134998, 135003, 135009, 135013, 135018, 135023
135026, 135026, 135030, 135038, 135040, 135047, 135052, 135056, 135062, 135067, 135074
135079, 135079, 135082, 135087, 135090, 135093, 135098, 135102, 135104, 135113, 135116
135120, 135120, 135127, 135132, 135138, 135139, 135144, 135151, 135156, 135162, 135168
135171, 135171, 135177, 135181, 135188, 135192, 135198, 135201, 135209, 135212, 135216
135218, 135218, 135225, 135231, 135232, 135240, 135245, 135247, 135252, 135258, 135263
135268, 135268, 135273, 135278, 135283, 135288, 135293, 135298, 135302, 135304, 135309
135310, 135310, 135317, 135324, 135329, 135333, 135339, 135344, 135349, 135354, 135359
135364, 135364, 135370, 135374, 135382, 135386, 135392, 135397, 135402, 135407, 135412
135417, 135417, 135422, 135428, 135433, 135438, 135443, 135448, 135451, 135456, 135460
135463, 135463, 135469, 135475, 135483, 135488, 135491, 135497, 135499, 135506, 135509
135518, 135518, 135523, 135526, 135530, 135536, 135541, 135546, 135552, 135556, 135563
135564, 135564, 135571, 135576, 135584, 135585, 135594, 135599, 135604, 135609, 135613
135616, 135616, 135620, 135625, 135632, 135638, 135641, 135646, 135654, 135659, 135661
135667, 135667, 135673, 135679, 135681, 135688, 135692, 135700, 135704, 135709, 135714
135716, 135716, 135722, 135727, 135731, 135738, 135742, 135746, 135751, 135756, 135761
135766, 135766, 135771, 135779, 135785, 135787, 135794, 135799, 135805, 135808, 135814
135818, 135818, 135824, 135832, 135837, 135843, 135848, 135850, 135855, 135862, 135867
135873, 135873, 135880, 135886, 135890, 135896, 135899, 135904, 135912, 135915, 135921
135927, 135927, 135928, 135934, 135942, 135945, 135952, 135956, 135961, 135966, 135972
135974, 135974, 135979, 135986, 135989, 135993, 135998, 136006, 136011, 136015, 136020
136025, 136025, 136030, 136035, 136039, 136044, 136049, 136054, 136060, 136064, 136069
136076, 136076, 136081, 136087, 136092, 136096, 136101, 136108, 136111, 136116, 136123
136126, 136126, 136133, 136136, 136141, 136146, 136151, 136156, 136161, 136166, 136172
136177, 136177, 136179, 136186, 136191, 136196, 136201, 136206, 136212, 136218, 136223
136228, 136228, 136234, 136237, 136244, 136248, 136251, 136258, 136263, 136268, 136272
136277, 136277, 136283, 136288, 136296, 136300, 136302, 136307, 136313, 136319, 136323
136328, 136328, 136332, 136337, 136342, 136347, 136352, 136357, 136362, 136366, 136372
136376, 136376, 136381, 136389, 136394, 136399, 136404, 136409, 136412, 136416, 136420
136426, 136426, 136431, 136436, 136439, 136444, 136452, 136458, 136464, 136469, 136474
136479, 136479, 136486, 136490, 136495, 136502, 136503, 136509, 136514, 136518, 136523
136528, 136528, 136533, 136535, 136541, 136547, 136553, 136558, 136563, 136568, 136571
136576, 136576, 136582, 136587, 136592, 136597, 136603, 136608, 136611, 136616, 136620
136628, 136628, 136633, 136634, 136642, 136645, 136650, 136656, 136662, 136667, 136672
136677, 136677, 136682, 136687, 136690, 136695, 136700, 136706, 136713, 136719, 136728
136735, 136735, 136739, 136745, 136749, 136755, 136759, 136762, 136767, 136771, 136774
136778, 136778, 136784, 136787, 136790, 136796, 136801, 136805, 136807, 136811, 136817
136821, 136821, 136824, 136827, 136834, 136837, 136842, 136846, 136848, 136853, 136855
136860, 136860, 136863, 136868, 136872, 136875, 136879, 136885, 136890, 136892, 136897
136901, 136901, 136906, 136910, 136913, 136919, 136921, 136925, 136932, 136933, 136939
136942, 136942, 136946, 136949, 136953, 132473, 132478, 132482, 132488, 132491, 132494
132499, 132499, 132507, 132510, 132516, 132520, 132524, 132530, 132536, 132541, 132547
132551, 132551, 132556, 132561, 132566, 132570, 132574, 132577, 132582, 132583, 132589
132594, 132594, 132598, 132603, 132608, 132614, 132620, 132627, 132632, 132636, 132640
132645, 132645, 132650, 132656, 132661, 132666, 132670, 132676, 132679, 132686, 132693
132697, 132697, 132704, 132707, 132712, 132718, 132720, 132725, 132732, 132738, 132743
132748, 132748, 132753, 132758, 132763, 132767, 132771, 132778, 132780, 132786, 132791
132798, 132798, 132803, 132806, 132810, 132814, 132819, 132824, 132829, 132834, 132836
132844, 132844, 132847, 132851, 132853, 132861, 132867, 132870, 132875, 132880, 132884
132890, 132890, 132894, 132898, 132903, 132909, 132914, 132922, 132927, 132930, 132936
132943, 132943, 132949, 132953, 132957, 132963, 132968, 132973, 132977, 132983, 132988
132993, 132993, 132998, 133003, 133008, 133012, 133017, 133022, 133029, 133033, 133036
133039, 133039, 133043, 133050, 133053, 133060, 133065, 133071, 133075, 133080, 133086
133091, 133091, 133096, 133102, 133104, 133110, 133117, 133119, 133127, 133130, 133134
133139, 133139, 133144, 133149, 133154, 133159, 133164, 133166, 133179, 133182, 133189
133195, 133195, 133200, 133204, 133207, 133212, 133217, 133222, 133227, 133231, 133237
133245, 133245, 133248, 133254, 133260, 133264, 133270, 133273, 133278, 133285, 133290
133294, 133294, 133299, 133304, 133311, 133314, 133319, 133326, 133332, 133337, 133342
133347, 133347, 133351, 133356, 133360, 133366, 133372, 133375, 133382, 133385, 133388
133393, 133393, 133398, 133403, 133408, 133413, 133418, 133422, 133425, 133430, 133438
133440, 133440, 133448, 133454, 133457, 133463, 133467, 133472, 133479, 133484, 133486
133491, 133491, 133497, 133500, 133507, 133513, 133518, 133525, 133529, 133534, 133538
133545, 133545, 133550, 133554, 133560, 133569, 133573, 133578, 133584, 133590, 133597
133602, 133602, 133606, 133609, 133617, 133618, 133623, 133631, 133635, 133640, 133645
133649, 133649, 133656, 133660, 133663, 133671, 133674, 133679, 133684, 133691, 133698
133700, 133700, 133705, 133712, 133716, 133721, 133726, 133735, 133740, 133744, 133748
133752, 133752, 133757, 133762, 133766, 133770, 133778, 133780, 133784, 133792, 133795
133801, 133801, 133807, 133809, 133814, 133821, 133825, 133832, 133836, 133842, 133848
133850, 133850, 133856, 133860, 133864, 133869, 133872, 133877, 133882, 133886, 133892
133897, 133897, 133902, 133907, 133912, 133917, 133922, 133927, 133933, 133938, 133943
133947, 133947, 133953, 133957, 133962, 133967, 133973, 133977, 133981, 133987, 133991
133997, 133997, 134005, 134010, 134014, 134019, 134026, 134031, 134034, 134039, 134043
134049, 134049, 134053, 134059, 134064, 134069, 134074, 134076, 134083, 134086, 134092
134096, 134096, 134104, 134109, 134113, 134118, 134123, 134127, 134130, 134136, 134141
134150, 134150, 134157, 134160, 134166, 134170, 134179, 134181, 134187, 134194, 134199
134202, 134202, 134208, 134213, 134217, 134222, 134227, 134232, 134237, 134242, 134246
134252, 134252, 134257, 134262, 134267, 134271, 134276, 134282, 134285, 134288, 134293
134298, 134298, 134303, 134307, 134311, 134316, 134321, 134326, 134331, 134336, 134341
134347, 134347, 134351, 134356, 134361, 134367, 134369, 134377, 134380, 134385, 134391
134395, 134395, 134400, 134407, 134411, 134416, 134425, 134430, 134435, 134440, 134445
134452, 134452, 134457, 134462, 134468, 134473, 134478, 134484, 134488, 134493, 134499
134504, 134504, 134507, 134513, 134519, 134521, 134527, 134535, 134539, 134544, 134546
134551, 134551, 134555, 134560, 134565, 134570, 134575, 134580, 134585, 134589, 134595
134599, 134599, 134606, 134612, 134615, 134622, 134626, 134630, 134637, 134643, 134646
134651, 134651, 134657, 134660, 134668, 134673, 134678, 134682, 134686, 134690, 134694
134701, 134701, 134705, 134711, 134717, 134721, 134725, 134730, 134735, 134740, 134745
134750, 134750, 134754, 134759, 134764, 134769, 134774, 134779, 134787, 134790, 134797
134801, 134801, 134807, 134811, 134815, 134821, 134825, 134828, 134833, 134838, 134840
134845, 134845, 134849, 134853, 134858, 134863, 134869, 134873, 134877, 134882, 134887
134892, 134892, 134898, 134903, 134908, 134912, 134919, 134924, 134930, 134935, 134939
134944, 134944, 134948, 134954, 134960, 134965, 134971, 134979, 134981, 134989, 134994
134999, 134999, 135004, 135008, 135011, 135017, 135020, 135028, 135032, 135037, 135044
135048, 135048, 135054, 135059, 135061, 135065, 135070, 135078, 135084, 135095, 135099
135105, 135105, 135111, 135117, 135119, 135125, 135129, 135136, 135143, 135148, 135150
135154, 135154, 135163, 135166, 135172, 135176, 135180, 135186, 135194, 135199, 135202
135210, 135210, 135213, 135217, 135222, 135228, 135235, 135238, 135244, 135249, 135254
135261, 135261, 135266, 135269, 135277, 135282, 135287, 135289, 135296, 135303, 135305
135312, 135312, 135315, 135320, 135325, 135330, 135335, 135340, 135345, 135350, 135355
135360, 135360, 135366, 135371, 135376, 135379, 135384, 135391, 135396, 135400, 135406
135411, 135411, 135416, 135421, 135426, 135429, 135437, 135440, 135445, 135450, 135454
135464, 135464, 135467, 135473, 135477, 135481, 135486, 135489, 135496, 135502, 135505
135511, 135511, 135515, 135521, 135528, 135532, 135538, 135540, 135544, 135550, 135555
135560, 135560, 135567, 135570, 135578, 135583, 135586, 135591, 135596, 135600, 135606
135612, 135612, 135618, 135624, 135626, 135631, 135635, 135640, 135642, 135649, 135652
135658, 135658, 135664, 135669, 135674, 135677, 135684, 135687, 135693, 135702, 135706
135711, 135711, 135719, 135723, 135728, 135732, 135735, 135740, 135745, 135750, 135755
135760, 135760, 135765, 135770, 135775, 135777, 135783, 135790, 135793, 135800, 135804
135809, 135809, 135812, 135819, 135825, 135831, 135836, 135839, 135845, 135849, 135854
135858, 135858, 135863, 135868, 135872, 135874, 135881, 135885, 135891, 135897, 135901
135905, 135905, 135908, 135914, 135922, 135923, 135930, 135933, 135941, 135944, 135949
135955, 135955, 135959, 135963, 135969, 135973, 135978, 135984, 135990, 135997, 135999
136003, 136003, 136009, 136016, 136021, 136027, 136031, 136036, 136041, 136047, 136051
136055, 136055, 136059, 136063, 136068, 136073, 136077, 136079, 136088, 136093, 136098
136100, 136100, 136104, 136110, 136117, 136121, 136124, 136129, 136134, 136139, 136144
136149, 136149, 136154, 136158, 136163, 136168, 136174, 136182, 136184, 136188, 136193
136199, 136199, 136204, 136209, 136215, 136220, 136225, 136227, 136233, 136236, 136242
136247, 136247, 136252, 136259, 136261, 136267, 136274, 136279, 136284, 136290, 136294
136298, 136298, 136304, 136311, 136316, 136321, 136326, 136331, 136336, 136341, 136346
136351, 136351, 136358, 136363, 136369, 136371, 136375, 136382, 136387, 136392, 136396
136400, 136400, 136406, 136410, 136415, 136421, 136425, 136430, 136435, 136441, 136445
136449, 136449, 136456, 136462, 136467, 136472, 136478, 136485, 136487, 136492, 136497
136498, 136498, 136505, 136512, 136517, 136522, 136527, 136530, 136536, 136539, 136546
136551, 136551, 136557, 136562, 136566, 136572, 136578, 136581, 136586, 136589, 136595
136602, 136602, 136607, 136613, 136614, 136622, 136627, 136629, 136637, 136643, 136646
136649, 136649, 136654, 136660, 136665, 136674, 136679, 136684, 136689, 136692, 136697
136701, 136701, 136705, 136710, 136715, 136720, 136723, 136727, 136732, 136737, 136742
136747, 136747, 136753, 136757, 136761, 136765, 136769, 136770, 136777, 136781, 136785
136789, 136789, 136792, 136797, 136798, 136802, 136806, 136810, 136814, 136816, 136820
136826, 136826, 136828, 136832, 136836, 136839, 136845, 136847, 136854, 136856, 136862
136865, 136865, 136870, 136874, 136878, 136880, 136883, 136887, 136891, 136895, 136899
136903, 136903, 136907, 136912, 136916, 136917, 136922, 136926, 136929, 136936, 136937
136944, 136944, 136947, 136950, 136954, 136957, 136961, 136964, 136968, 136971, 136972
136975, 136975, 136978, 136980, 136984, 136986, 136989, 136993, 136995, 136999, 137001
137004, 137004, 137008, 137011, 137013, 137016, 137020, 137023, 137024, 137028, 137031
137033, 137033, 137036, 137039, 137042, 137045, 137047, 137050, 137055, 137057, 137059
137063, 137063, 137065, 137068, 137072, 137076, 137078, 137080, 137083, 137086, 137089
137092, 137092, 137095, 137098, 137101, 137104, 137109, 137112, 137114, 137116, 137119
137123, 137123, 137127, 137128, 137131, 137134, 137139, 137142, 137144, 137148, 137151
137153, 137153, 137155, 137159, 137162, 137165, 137166, 137169, 137170, 137171, 137172
137173, 137173, 137174, 137175, 137176, 137177, 137178, 137179, 137180, 137181, 137182
137183, 137183, 137184, 137185, 137186, 132332, 132338, 132343, 132347, 132350, 132353
132358, 132358, 132359, 132365, 132367, 132374, 132379, 132383, 132385, 132392, 132397
132401, 132401, 132407, 132411, 132420, 132425, 132430, 132437, 132442, 132446, 132451
132455, 132455, 132459, 132461, 132467, 132469, 132475, 132480, 132484, 132492, 132497
132502, 132502, 132504, 132508, 132515, 132518, 132525, 132531, 132533, 132535, 132540
132545, 132545, 132550, 132555, 132560, 132565, 132579, 132585, 132592, 132597, 132602
132606, 132606, 132611, 132616, 132622, 132625, 132631, 132637, 132638, 132643, 132649
132654, 132654, 132662, 132667, 132669, 132677, 132681, 132684, 132690, 132696, 132700
132708, 132708, 132713, 132715, 132722, 132728, 132731, 132736, 132741, 132746, 132751
132756, 132756, 132762, 132768, 132773, 132774, 132782, 132785, 132793, 132796, 132802
132805, 132805, 132809, 132815, 132821, 132825, 132831, 132835, 132839, 132841, 132849
132855, 132855, 132860, 132866, 132871, 132874, 132878, 132887, 132889, 132893, 132900
132904, 132904, 132912, 132917, 132919, 132926, 132932, 132937, 132944, 132946, 132950
132958, 132958, 132961, 132966, 132974, 132979, 132985, 132989, 132994, 133000, 133005
133010, 133010, 133015, 133020, 133025, 133034, 133037, 133041, 133044, 133049, 133055
133059, 133059, 133064, 133069, 133073, 133078, 133083, 133088, 133094, 133099, 133103
133108, 133108, 133113, 133121, 133125, 133128, 133133, 133138, 133141, 133148, 133152
133155, 133155, 133162, 133168, 133171, 133174, 133176, 133181, 133186, 133191, 133196
133201, 133201, 133203, 133208, 133214, 133219, 133225, 133230, 133234, 133240, 133241
133246, 133246, 133252, 133257, 133262, 133265, 133272, 133277, 133279, 133283, 133288
133293, 133293, 133298, 133303, 133307, 133312, 133317, 133322, 133325, 133330, 133336
133340, 133340, 133345, 133350, 133354, 133361, 133365, 133370, 133377, 133379, 133386
133390, 133390, 133395, 133401, 133405, 133410, 133415, 133420, 133429, 133433, 133439
133443, 133443, 133446, 133450, 133456, 133461, 133466, 133471, 133476, 133483, 133489
133492, 133492, 133499, 133504, 133506, 133514, 133517, 133522, 133527, 133531, 133539
133544, 133544, 133548, 133555, 133559, 133568, 133575, 133579, 133583, 133588, 133595
133600, 133600, 133604, 133608, 133613, 133621, 133627, 133628, 133634, 133638, 133644
133650, 133650, 133653, 133661, 133665, 133672, 133677, 133681, 133685, 133690, 133694
133703, 133703, 133708, 133711, 133717, 133723, 133729, 133731, 133737, 133743, 133749
133755, 133755, 133758, 133760, 133767, 133771, 133774, 133779, 133785, 133793, 133798
133803, 133803, 133805, 133813, 133818, 133823, 133828, 133831, 133837, 133840, 133844
133849, 133849, 133854, 133859, 133863, 133868, 133871, 133876, 133883, 133885, 133893
133898, 133898, 133903, 133909, 133914, 133919, 133924, 133929, 133934, 133940, 133945
133950, 133950, 133955, 133960, 133968, 133971, 133978, 133983, 133989, 133993, 133996
134003, 134003, 134007, 134011, 134016, 134021, 134025, 134030, 134038, 134044, 134047
134052, 134052, 134057, 134062, 134067, 134072, 134077, 134082, 134089, 134091, 134097
134101, 134101, 134105, 134114, 134116, 134120, 134128, 134132, 134137, 134143, 134151
134159, 134159, 134161, 134165, 134174, 134178, 134183, 134186, 134191, 134196, 134201
134209, 134209, 134214, 134219, 134224, 134229, 134234, 134239, 134245, 134250, 134255
134260, 134260, 134265, 134270, 134275, 134279, 134286, 134292, 134295, 134301, 134306
134310, 134310, 134315, 134320, 134324, 134329, 134334, 134340, 134345, 134349, 134354
134362, 134362, 134365, 134368, 134375, 134382, 134387, 134393, 134396, 134401, 134405
134415, 134415, 134417, 134421, 134426, 134431, 134436, 134441, 134446, 134451, 134456
134461, 134461, 134466, 134472, 134477, 134482, 134491, 134500, 134502, 134508, 134514
134518, 134518, 134523, 134526, 134534, 134540, 134545, 134547, 134556, 134559, 134562
134568, 134568, 134573, 134579, 134582, 134588, 134592, 134600, 134605, 134611, 134618
134619, 134619, 134628, 134629, 134638, 134640, 134645, 134652, 134658, 134662, 134667
134671, 134671, 134677, 134679, 134684, 134691, 134696, 134699, 134706, 134712, 134716
134722, 134722, 134727, 134733, 134739, 134744, 134748, 134752, 134758, 134762, 134768
134773, 134773, 134778, 134782, 134786, 134791, 134794, 134800, 134805, 134813, 134817
134829, 134829, 134834, 134839, 134842, 134844, 134848, 134852, 134857, 134862, 134868
134872, 134872, 134878, 134883, 134888, 134893, 134897, 134901, 134906, 134911, 134916
134922, 134922, 134927, 134932, 134936, 134942, 134946, 134951, 134956, 134961, 134967
134972, 134972, 134975, 134983, 134986, 134991, 134996, 135001, 135006, 135012, 135016
135021, 135021, 135029, 135033, 135036, 135042, 135046, 135050, 135055, 135064, 135069
135071, 135071, 135076, 135081, 135097, 135103, 135108, 135109, 135118, 135121, 135124
135133, 135133, 135137, 135141, 135145, 135152, 135155, 135161, 135164, 135169, 135174
135182, 135182, 135187, 135190, 135195, 135200, 135205, 135207, 135214, 135221, 135226
135229, 135229, 135236, 135239, 135242, 135250, 135253, 135257, 135262, 135267, 135270
135274, 135274, 135279, 135284, 135290, 135297, 135299, 135306, 135314, 135318, 135323
135328, 135328, 135334, 135338, 135343, 135348, 135353, 135358, 135363, 135369, 135375
135378, 135378, 135383, 135388, 135393, 135398, 135403, 135408, 135413, 135418, 135423
135427, 135427, 135432, 135436, 135442, 135446, 135449, 135455, 135459, 135461, 135466
135471, 135471, 135478, 135480, 135485, 135490, 135494, 135503, 135508, 135513, 135514
135520, 135520, 135527, 135533, 135535, 135539, 135545, 135553, 135557, 135562, 135568
135573, 135573, 135575, 135581, 135588, 135593, 135597, 135602, 135605, 135610, 135617
135622, 135622, 135628, 135633, 135639, 135645, 135648, 135655, 135660, 135663, 135668
135672, 135672, 135676, 135683, 135686, 135691, 135701, 135708, 135712, 135715, 135720
135726, 135726, 135730, 135736, 135741, 135748, 135753, 135757, 135762, 135767, 135774
135778, 135778, 135781, 135789, 135795, 135798, 135801, 135810, 135815, 135820, 135821
135830, 135830, 135835, 135842, 135846, 135853, 135859, 135861, 135866, 135870, 135876
135878, 135878, 135883, 135889, 135893, 135898, 135906, 135909, 135913, 135920, 135924
135931, 135931, 135935, 135939, 135943, 135950, 135953, 135960, 135967, 135968, 135975
135980, 135980, 135983, 135988, 135996, 136000, 136005, 136012, 136017, 136022, 136026
136032, 136032, 136037, 136042, 136046, 136052, 136057, 136061, 136067, 136070, 136074
136082, 136082, 136084, 136089, 136097, 136103, 136107, 136113, 136115, 136120, 136127
136130, 136130, 136135, 136140, 136145, 136150, 136155, 136160, 136165, 136170, 136175
136180, 136180, 136187, 136192, 136197, 136202, 136207, 136211, 136216, 136222, 136230
136232, 136232, 136239, 136241, 136246, 136255, 136256, 136262, 136269, 136273, 136278
136282, 136282, 136287, 136295, 136301, 136305, 136308, 136315, 136320, 136324, 136329
136334, 136334, 136340, 136345, 136350, 136355, 136360, 136367, 136374, 136378, 136380
136388, 136388, 136393, 136398, 136401, 136405, 136414, 136419, 136424, 136429, 136434
136440, 136440, 136446, 136451, 136455, 136460, 136466, 136471, 136476, 136481, 136484
136488, 136488, 136493, 136500, 136504, 136508, 136513, 136520, 136525, 136529, 136537
136543, 136543, 136548, 136550, 136555, 136560, 136565, 136569, 136575, 136580, 136585
136593, 136593, 136596, 136601, 136605, 136609, 136618, 136621, 136625, 136630, 136635
136641, 136641, 136647, 136653, 136658, 136663, 136664, 136669, 136673, 136678, 136683
136688, 136688, 136693, 136696, 136704, 136709, 136712, 136718, 136721, 136724, 136729
136734, 136734, 136740, 136744, 136751, 136754, 136758, 136763, 136766, 136773, 136775
136779, 136779, 136783, 136786, 136793, 136795, 136799, 136804, 136809, 136812, 136815
136819, 136819, 136823, 136830, 136831, 136835, 136840, 136844, 136849, 136851, 136857
136859, 136859, 136864, 136867, 136871, 136876, 136882, 136884, 136888, 136893, 136896
136900, 136900, 136904, 136908, 136911, 136915, 136920, 136924, 136928, 136931, 136935
136938, 136938, 136941, 136945, 136952, 136956, 136959, 136962, 136965, 136966, 136970
136973, 136973, 136976, 136979, 136983, 136987, 136990, 136992, 136996, 136997, 137002
137005, 137005, 137006, 137010, 137012, 137015, 137019, 137021, 137025, 137027, 137032
137034, 137034, 137037, 137040, 137043, 137046, 137049, 137052, 137053, 137056, 137061
137062, 137062, 137066, 137070, 137073, 137075, 137077, 137082, 137084, 137088, 137090
137094, 137094, 137097, 137100, 137103, 137105, 137108, 137111, 137113, 137118, 137121
137124, 137124, 137125, 137129, 137133, 137136, 137137, 137140, 137145, 137146, 137149
137154, 137154, 137156, 137160, 137163, 132389, 132391, 132395, 132403, 132406, 132410
132416, 132416, 132421, 132427, 132432, 132434, 132439, 132444, 132448, 132453, 132457
132463, 132463, 132468, 132472, 132474, 132479, 132486, 132489, 132496, 132501, 132506
132509, 132509, 132513, 132517, 132522, 132528, 132534, 132539, 132542, 132546, 132552
132557, 132557, 132562, 132567, 132571, 132578, 132584, 132591, 132595, 132601, 132607
132612, 132612, 132617, 132621, 132623, 132628, 132633, 132641, 132646, 132652, 132655
132659, 132659, 132664, 132671, 132674, 132680, 132687, 132694, 132699, 132703, 132706
132710, 132710, 132717, 132721, 132726, 132730, 132735, 132740, 132745, 132750, 132754
132759, 132759, 132765, 132772, 132775, 132783, 132788, 132792, 132795, 132801, 132804
132812, 132812, 132818, 132823, 132828, 132833, 132840, 132845, 132846, 132852, 132854
132858, 132858, 132865, 132872, 132877, 132881, 132885, 132888, 132896, 132902, 132907
132911, 132911, 132915, 132920, 132925, 132931, 132935, 132941, 132945, 132951, 132955
132962, 132962, 132965, 132971, 132976, 132981, 132987, 132992, 132997, 133002, 133007
133013, 133013, 133019, 133024, 133028, 133030, 133035, 133040, 133045, 133047, 133052
133057, 133057, 133062, 133067, 133072, 133077, 133082, 133087, 133092, 133097, 133100
133106, 133106, 133112, 133116, 133118, 133123, 133131, 133135, 133142, 133147, 133153
133158, 133158, 133161, 133165, 133178, 133183, 133188, 133194, 133199, 133206, 133209
133213, 133213, 133218, 133223, 133228, 133232, 133238, 133243, 133249, 133255, 133259
133263, 133263, 133269, 133276, 133282, 133287, 133292, 133297, 133301, 133305, 133309
133315, 133315, 133321, 133327, 133329, 133334, 133339, 133344, 133349, 133355, 133359
133367, 133367, 133371, 133376, 133380, 133383, 133391, 133394, 133399, 133404, 133409
133414, 133414, 133419, 133424, 133427, 133431, 133436, 133444, 133447, 133453, 133459
133460, 133460, 133468, 133473, 133477, 133481, 133488, 133494, 133496, 133501, 133505
133510, 133510, 133515, 133516, 133523, 133526, 133535, 133540, 133542, 133547, 133553
133558, 133558, 133562, 133565, 133570, 133574, 133580, 133585, 133589, 133593, 133598
133603, 133603, 133607, 133612, 133614, 133622, 133625, 133630, 133636, 133642, 133643
133652, 133652, 133655, 133658, 133667, 133670, 133676, 133682, 133687, 133689, 133696
133701, 133701, 133707, 133710, 133715, 133720, 133725, 133730, 133733, 133739, 133742
133747, 133747, 133753, 133761, 133768, 133772, 133776, 133781, 133787, 133790, 133794
133799, 133799, 133804, 133811, 133816, 133820, 133827, 133833, 133838, 133843, 133847
133853, 133853, 133858, 133861, 133866, 133875, 133879, 133884, 133889, 133894, 133899
133904, 133904, 133908, 133913, 133918, 133923, 133928, 133932, 133937, 133942, 133948
133952, 133952, 133958, 133964, 133966, 133972, 133976, 133982, 133986, 133994, 134000
134004, 134004, 134009, 134015, 134020, 134024, 134029, 134037, 134046, 134051, 134055
134060, 134060, 134065, 134070, 134075, 134084, 134087, 134093, 134098, 134100, 134106
134111, 134111, 134117, 134122, 134126, 134133, 134138, 134144, 134145, 134147, 134153
134155, 134155, 134162, 134167, 134172, 134175, 134180, 134185, 134192, 134197, 134204
134206, 134206, 134210, 134215, 134220, 134225, 134230, 134235, 134240, 134243, 134249
134254, 134254, 134258, 134264, 134269, 134274, 134278, 134284, 134289, 134296, 134300
134304, 134304, 134309, 134314, 134319, 134325, 134328, 134333, 134338, 134344, 134348
134353, 134353, 134360, 134366, 134371, 134374, 134379, 134384, 134389, 134394, 134398
134404, 134404, 134406, 134413, 134414, 134419, 134423, 134427, 134432, 134437, 134442
134447, 134447, 134450, 134455, 134460, 134465, 134474, 134480, 134486, 134489, 134494
134496, 134496, 134503, 134509, 134515, 134520, 134524, 134529, 134531, 134536, 134543
134549, 134549, 134553, 134557, 134563, 134569, 134576, 134578, 134583, 134587, 134594
134597, 134597, 134602, 134607, 134613, 134614, 134621, 134624, 134633, 134634, 134639
134644, 134644, 134649, 134656, 134663, 134664, 134669, 134674, 134683, 134685, 134692
134697, 134697, 134703, 134708, 134710, 134715, 134720, 134726, 134731, 134736, 134741
134746, 134746, 134751, 134756, 134761, 134766, 134770, 134775, 134780, 134784, 134789
134796, 134796, 134802, 134808, 134810, 134816, 134822, 134830, 134835, 134841, 134843
134846, 134846, 134851, 134856, 134860, 134865, 134867, 134874, 134879, 134884, 134889
134895, 134895, 134902, 134907, 134913, 134917, 134921, 134926, 134931, 134938, 134945
134950, 134950, 134953, 134958, 134963, 134968, 134973, 134976, 134980, 134985, 134990
134995, 134995, 135000, 135005, 135010, 135015, 135024, 135025, 135031, 135035, 135041
135045, 135045, 135051, 135057, 135060, 135068, 135073, 135075, 135080, 135085, 135088
135091, 135091, 135094, 135101, 135107, 135112, 135115, 135122, 135126, 135130, 135134
135140, 135140, 135147, 135149, 135157, 135159, 135165, 135170, 135175, 135183, 135189
135193, 135193, 135197, 135204, 135208, 135211, 135215, 135220, 135223, 135230, 135234
135241, 135241, 135246, 135251, 135255, 135260, 135264, 135272, 135276, 135281, 135286
135292, 135292, 135295, 135300, 135308, 135313, 135319, 135322, 135327, 135331, 135337
135341, 135341, 135346, 135351, 135356, 135361, 135365, 135368, 135373, 135380, 135385
135389, 135389, 135394, 135399, 135404, 135409, 135415, 135420, 135425, 135430, 135434
135441, 135441, 135447, 135453, 135458, 135462, 135468, 135474, 135482, 135487, 135493
135495, 135495, 135501, 135504, 135510, 135517, 135522, 135525, 135529, 135537, 135543
135547, 135547, 135549, 135554, 135559, 135565, 135569, 135574, 135579, 135582, 135589
135590, 135590, 135595, 135603, 135608, 135614, 135615, 135621, 135629, 135634, 135636
135643, 135643, 135650, 135651, 135656, 135662, 135666, 135671, 135678, 135685, 135689
135694, 135694, 135699, 135705, 135710, 135717, 135724, 135729, 135733, 135737, 135743
135747, 135747, 135752, 135758, 135763, 135768, 135772, 135780, 135784, 135786, 135791
135796, 135796, 135803, 135807, 135813, 135817, 135823, 135826, 135827, 135828, 135833
135838, 135838, 135841, 135847, 135852, 135857, 135860, 135865, 135871, 135875, 135879
135884, 135884, 135892, 135895, 135900, 135903, 135911, 135916, 135918, 135926, 135932
135937, 135937, 135938, 135946, 135948, 135954, 135962, 135964, 135970, 135976, 135982
135987, 135987, 135992, 135995, 136002, 136007, 136010, 136013, 136018, 136023, 136028
136033, 136033, 136038, 136043, 136048, 136053, 136058, 136065, 136071, 136075, 136080
136085, 136085, 136090, 136095, 136099, 136105, 136109, 136114, 136119, 136125, 136131
136137, 136137, 136142, 136147, 136152, 136159, 136164, 136169, 136176, 136181, 136185
136190, 136190, 136195, 136200, 136205, 136210, 136214, 136217, 136221, 136226, 136231
136240, 136240, 136245, 136250, 136253, 136257, 136265, 136270, 136275, 136280, 136285
136289, 136289, 136293, 136297, 136306, 136310, 136312, 136318, 136325, 136330, 136335
136339, 136339, 136344, 136349, 136354, 136359, 136364, 136365, 136373, 136379, 136383
136385, 136385, 136390, 136397, 136402, 136407, 136413, 136418, 136423, 136428, 136432
136437, 136437, 136442, 136447, 136453, 136459, 136463, 136468, 136473, 136477, 136483
136489, 136489, 136494, 136501, 136507, 136511, 136515, 136521, 136526, 136531, 136534
136540, 136540, 136545, 136552, 136556, 136561, 136567, 136573, 136577, 136583, 136588
136591, 136591, 136598, 136599, 136604, 136612, 136615, 136623, 136624, 136632, 136638
136639, 136639, 136648, 136652, 136655, 136661, 136668, 136670, 136676, 136681, 136685
136694, 136694, 136698, 136702, 136708, 136711, 136717, 136725, 136730, 136733, 136738
136743, 136743, 136748, 136752, 136756, 136760, 136764, 136768, 136772, 136776, 136780
136782, 136782, 136788, 136791, 136794, 136800, 136803, 136808, 136813, 136818, 136822
136825, 136825, 136829, 136833, 136838, 136841, 136843, 136850, 136852, 136858, 136861
136866, 136866, 136869, 136873, 136877, 136881, 136886, 136889, 136894, 136898, 136902
136905, 136905, 136909, 136914, 136918, 136923, 136927, 136930, 136934, 136940, 136943
136948, 136948, 136951, 136955, 136958, 136960, 136963, 136967, 136969, 136974, 136977
136981, 136981, 136982, 136985, 136988, 136991, 136994, 136998, 137000, 137003, 137007
137009, 137009, 137014, 137017, 137018, 137022, 137026, 137029, 137030, 137035, 137038
137041, 137041, 137044, 137048, 137051, 137054, 137058, 137060, 137064, 137067, 137069
137071, 137071, 137074, 137079, 137081, 137085, 137087, 137091, 137093, 137096, 137099
137102, 137102, 137106, 137107, 137110, 137115, 137117, 137120, 137122, 137126, 137130
137132, 137132, 137135, 137138, 137141, 137143, 137147, 137150, 137152, 137157, 137158